0 0.351143 0.538648 0.022477 0.048428
0 0.359809 0.523059 0.025943 0.054202
0 0.391004 0.571558 0.025943 0.044964
0 0.394037 0.525946 0.023343 0.050737
0 0.412235 0.491304 0.023343 0.036880
0 0.413968 0.517286 0.028543 0.040345
0 0.433899 0.534607 0.023343 0.058820
0 0.473760 0.561743 0.026810 0.053047
0 0.446897 0.489572 0.016411 0.047273
0 0.460762 0.482643 0.026810 0.051892
0 0.279653 0.572713 0.019877 0.040345
0 0.300017 0.659318 0.019011 0.040345
0 0.304783 0.626985 0.028543 0.044964
0 0.325256 0.351497 0.012076 0.031655
0 0.341068 0.322078 0.019441 0.031655
0 0.328722 0.399205 0.015542 0.031078
0 0.236015 0.686365 0.012076 0.024733
0 0.216520 0.670502 0.010344 0.020695
0 0.223452 0.676270 0.010344 0.028771
0 0.276303 0.695018 0.015542 0.029347
0 0.256376 0.688096 0.012076 0.024733
0 0.269155 0.713189 0.014242 0.033385
0 0.291032 0.749530 0.014676 0.032232
0 0.297964 0.701940 0.017275 0.029347
0 0.287783 0.692134 0.015109 0.030501
0 0.381573 0.703671 0.019008 0.032809
0 0.353631 0.841656 0.016842 0.030501
0 0.427494 0.790604 0.019008 0.029924
0 0.442223 0.785413 0.012943 0.032232
0 0.457168 0.777337 0.017708 0.035693
0 0.462800 0.793777 0.015109 0.025886
0 0.488143 0.760031 0.017275 0.026463
0 0.476230 0.739841 0.015975 0.026463
0 0.461500 0.731189 0.013376 0.026463
0 0.465616 0.716767 0.016409 0.023002
0 0.482078 0.715902 0.015542 0.029347
0 0.501789 0.701192 0.016842 0.031078
0 0.512403 0.713018 0.019874 0.032809
0 0.330238 0.647716 0.015975 0.025886
0 0.350815 0.652908 0.019008 0.031655
0 0.493775 0.256605 0.020741 0.038000
