0 0.715095 0.360242 0.029409 0.051892
0 0.772720 0.348694 0.032009 0.051892
0 0.718127 0.388533 0.033742 0.050737
0 0.625407 0.468209 0.037208 0.059975
0 0.784852 0.584837 0.026810 0.043809
0 0.825147 0.693960 0.017278 0.026488
0 0.857209 0.526523 0.022477 0.054202
0 0.231126 0.512089 0.030276 0.057666
0 0.334679 0.317516 0.027676 0.042654
0 0.200846 0.667516 0.014820 0.025694
0 0.714953 0.655593 0.013857 0.021207
0 0.700272 0.621623 0.018190 0.034026
0 0.642270 0.650145 0.013857 0.021848
0 0.586434 0.670655 0.019634 0.026976
0 0.575123 0.675142 0.017227 0.024412
