0 0.5441309999999999 0.658676 0.013376 0.024733
0 0.550413 0.677136 0.016409 0.032809
0 0.5465139999999999 0.697037 0.014676 0.026463
0 0.54998 0.713766 0.015542 0.031078
0 0.5250699999999999 0.668194 0.015109 0.027617
0 0.527236 0.692134 0.010777 0.023579
0 0.504059 0.696460 0.013809 0.023002
0 0.604347 0.652619 0.013376 0.027617
0 0.609763 0.633872 0.012943 0.022425
0 0.47914999999999996 0.673674 0.013376 0.021271
0 0.48326499999999994 0.681462 0.014676 0.023002
0 0.47243500000000005 0.680597 0.012076 0.027040
0 0.46420399999999995 0.644832 0.013809 0.029347
0 0.45337400000000005 0.671079 0.011210 0.024156
0 0.463554 0.666464 0.015975 0.033385
0 0.46225499999999997 0.699056 0.015109 0.027040
0 0.469619 0.710016 0.013376 0.021271
0 0.36716499999999996 0.667559 0.008611 0.019541
0 0.719148 0.625160 0.009910 0.018964
0 0.25622 0.708056 0.010344 0.013772
0 0.26120200000000005 0.713536 0.009044 0.017810
0 0.253837 0.715267 0.009044 0.015503
0 0.292609 0.666464 0.011210 0.020695
0 0.29715800000000003 0.652619 0.009044 0.017234
0 0.29304300000000005 0.656369 0.007744 0.014349
0 0.366472 0.634160 0.014242 0.021848
0 0.357807 0.634160 0.013376 0.025309
0 0.326183 0.626084 0.006445 0.012619
0 0.410659 0.641430 0.009044 0.012042
0 0.334414 0.643619 0.011643 0.020118
0 0.4999 0.529173 0.013376 0.027617
0 0.620593 0.611027 0.019008 0.029924
0 0.5135529999999999 0.446913 0.012943 0.020118
0 0.504239 0.440279 0.019441 0.024156
0 0.57466 0.624583 0.012076 0.023579
0 0.561014 0.619968 0.020307 0.032809
