0 0.422634 0.684722 0.064938 0.100391
0 0.733292 0.824445 0.039808 0.070368
0 0.767521 0.860819 0.037208 0.053047
0 0.778786 0.715322 0.037208 0.066904
0 0.797417 0.775946 0.027676 0.054202
0 0.825147 0.748810 0.022477 0.043809
0 0.844644 0.708971 0.019877 0.040345
0 0.846810 0.728602 0.024210 0.044964
0 0.865008 0.642574 0.020744 0.043809
0 0.731126 0.459549 0.035475 0.065749
0 0.653136 0.378717 0.042408 0.088844
0 0.657902 0.351581 0.048473 0.087689
0 0.287018 0.081951 0.039808 0.063439
0 0.031819 0.359664 0.023343 0.036880
0 0.055216 0.387955 0.018144 0.038035
0 0.093344 0.517863 0.026810 0.034571
0 0.127140 0.531720 0.018144 0.034571
0 0.088578 0.487840 0.024210 0.032262
0 0.147937 0.385646 0.023343 0.042654
0 0.500623 0.059433 0.028543 0.036880
0 0.448630 0.081373 0.023343 0.041499
0 0.540051 0.199156 0.025943 0.041499
0 0.342478 0.498232 0.027676 0.055356
0 0.814315 0.493613 0.021610 0.046118
0 0.784852 0.491304 0.023343 0.043809
0 0.584679 0.688764 0.026810 0.048428
0 0.148370 0.759780 0.020744 0.031107
0 0.204696 0.766708 0.015544 0.033416
0 0.248457 0.792690 0.018144 0.032262
0 0.293517 0.819249 0.016411 0.036880
0 0.807816 0.554814 0.020744 0.039190
0 0.787452 0.521904 0.014678 0.033416
0 0.658335 0.636801 0.040674 0.062285
0 0.336845 0.775946 0.026810 0.051892
0 0.234592 0.614283 0.018144 0.033416
0 0.225926 0.628140 0.016411 0.026488
0 0.330346 0.431835 0.024210 0.047273
0 0.448630 0.491881 0.040674 0.070368
0 0.281819 0.315784 0.027676 0.046118
