0 0.577366 0.684722 0.064938 0.100391
0 0.26670799999999995 0.824445 0.039808 0.070368
0 0.232479 0.860819 0.037208 0.053047
0 0.22121400000000002 0.715322 0.037208 0.066904
0 0.20258299999999996 0.775946 0.027676 0.054202
0 0.17485300000000004 0.748810 0.022477 0.043809
0 0.15535600000000005 0.708971 0.019877 0.040345
0 0.15319000000000005 0.728602 0.024210 0.044964
0 0.134992 0.642574 0.020744 0.043809
0 0.26887399999999995 0.459549 0.035475 0.065749
0 0.34686399999999995 0.378717 0.042408 0.088844
0 0.342098 0.351581 0.048473 0.087689
0 0.712982 0.081951 0.039808 0.063439
0 0.968181 0.359664 0.023343 0.036880
0 0.944784 0.387955 0.018144 0.038035
0 0.906656 0.517863 0.026810 0.034571
0 0.87286 0.531720 0.018144 0.034571
0 0.911422 0.487840 0.024210 0.032262
0 0.852063 0.385646 0.023343 0.042654
0 0.49937699999999996 0.059433 0.028543 0.036880
0 0.55137 0.081373 0.023343 0.041499
0 0.45994900000000005 0.199156 0.025943 0.041499
0 0.6575219999999999 0.498232 0.027676 0.055356
0 0.185685 0.493613 0.021610 0.046118
0 0.215148 0.491304 0.023343 0.043809
0 0.41532100000000005 0.688764 0.026810 0.048428
0 0.85163 0.759780 0.020744 0.031107
0 0.795304 0.766708 0.015544 0.033416
0 0.751543 0.792690 0.018144 0.032262
0 0.706483 0.819249 0.016411 0.036880
0 0.19218400000000002 0.554814 0.020744 0.039190
0 0.21254799999999996 0.521904 0.014678 0.033416
0 0.341665 0.636801 0.040674 0.062285
0 0.6631549999999999 0.775946 0.026810 0.051892
0 0.765408 0.614283 0.018144 0.033416
0 0.774074 0.628140 0.016411 0.026488
0 0.669654 0.431835 0.024210 0.047273
0 0.55137 0.491881 0.040674 0.070368
0 0.718181 0.315784 0.027676 0.046118
