0 0.253928 0.778511 0.016428 0.032296
0 0.293398 0.787759 0.027705 0.043855
0 0.423086 0.831108 0.023368 0.040387
0 0.433930 0.850759 0.024235 0.038075
0 0.511569 0.852493 0.025103 0.036919
0 0.233976 0.679675 0.021633 0.042699
0 0.836874 0.709153 0.025103 0.041543
0 0.363664 0.479114 0.022500 0.032296
0 0.574461 0.723602 0.024235 0.035763
0 0.301205 0.755969 0.022500 0.035763
0 0.759205 0.639890 0.017708 0.029540
0 0.753189 0.621302 0.019152 0.035949
0 0.661252 0.716803 0.014339 0.028258
0 0.722864 0.712957 0.014339 0.020566
