0 0.460324 0.516933 0.013376 0.022373
0 0.465641 0.510116 0.012195 0.022373
0 0.474502 0.505658 0.014164 0.033385
0 0.510143 0.469998 0.009832 0.026044
0 0.501085 0.528732 0.015345 0.023946
0 0.498132 0.544464 0.014164 0.028141
0 0.478440 0.539220 0.012588 0.020800
0 0.472533 0.547086 0.014951 0.026044
0 0.534561 0.478913 0.014558 0.027092
0 0.565870 0.480749 0.013376 0.025519
0 0.554252 0.394745 0.010619 0.020275
0 0.530425 0.651760 0.011013 0.024470
0 0.550708 0.683749 0.012982 0.019226
0 0.533773 0.730421 0.014558 0.021324
0 0.546966 0.704201 0.010225 0.020275
0 0.553858 0.702890 0.009832 0.026044
0 0.563113 0.698957 0.011801 0.023422
0 0.572565 0.688731 0.014951 0.027092
0 0.597376 0.739074 0.012588 0.023946
0 0.605450 0.741958 0.013770 0.026568
0 0.569021 0.585684 0.011801 0.021324
0 0.575322 0.598008 0.011013 0.023946
0 0.579457 0.602990 0.012195 0.024470
0 0.550117 0.623179 0.015739 0.026044
0 0.559766 0.631308 0.011407 0.022373
0 0.568627 0.623179 0.013376 0.029190
0 0.557993 0.650187 0.012588 0.021324
0 0.608403 0.542158 0.014164 0.023422
0 0.617461 0.521968 0.013376 0.027092
0 0.582411 0.567068 0.013376 0.020800
0 0.583789 0.549500 0.013770 0.027617
0 0.592650 0.563921 0.011013 0.021848
0 0.602693 0.564183 0.016921 0.025519
0 0.615492 0.386039 0.011801 0.017653
0 0.620021 0.400198 0.011407 0.020800
0 0.630064 0.401509 0.008650 0.015031
0 0.632624 0.384466 0.011407 0.020800
0 0.518073 0.380795 0.010619 0.014507
0 0.526541 0.403607 0.011013 0.017129
0 0.733891 0.642898 0.008256 0.012933
0 0.734284 0.657320 0.009832 0.015555
0 0.736647 0.670430 0.012195 0.018702
0 0.743736 0.684589 0.009044 0.016604
0 0.747281 0.700321 0.011407 0.015555
0 0.749841 0.710023 0.011801 0.013982
0 0.733891 0.699797 0.017708 0.020800
0 0.712033 0.719987 0.008650 0.013982
0 0.714002 0.728639 0.008650 0.012409
0 0.721682 0.734408 0.009044 0.014507
0 0.185433 0.630783 0.008650 0.013982
0 0.183267 0.637076 0.007469 0.011885
0 0.193900 0.652546 0.007469 0.013458
0 0.192325 0.662510 0.009044 0.012409
0 0.215364 0.678243 0.011801 0.016604
