0 0.308501 0.516228 0.009972 0.017728
0 0.310358 0.526117 0.009972 0.019376
0 0.340218 0.609966 0.009044 0.015668
0 0.350430 0.623152 0.008425 0.013196
0 0.248161 0.631392 0.008735 0.017316
0 0.241972 0.630980 0.009972 0.018140
0 0.235629 0.627066 0.009044 0.024321
0 0.144810 0.721216 0.008116 0.015668
0 0.196176 0.719362 0.008735 0.013608
0 0.189987 0.703499 0.006878 0.018964
0 0.154402 0.695876 0.009353 0.021848
0 0.147131 0.689077 0.011519 0.019788
0 0.172504 0.658587 0.009663 0.015668
0 0.169874 0.660441 0.007497 0.018552
0 0.163685 0.651994 0.008735 0.023084
0 0.175134 0.669712 0.009353 0.017316
0 0.202519 0.691138 0.009044 0.018140
0 0.213969 0.658999 0.009663 0.019788
0 0.220776 0.677746 0.011519 0.015256
0 0.297980 0.641487 0.010591 0.021848
0 0.313762 0.634483 0.012448 0.018552
0 0.336738 0.630438 0.003990 0.007748
0 0.333729 0.638290 0.004712 0.008709
0 0.328675 0.628355 0.005193 0.009350
0 0.327111 0.634604 0.005915 0.009029
0 0.499131 0.826137 0.014339 0.025053
0 0.506231 0.822612 0.014098 0.027617
0 0.594919 0.845526 0.011932 0.020246
0 0.618023 0.836232 0.012895 0.021528
0 0.630659 0.808511 0.015061 0.026976
0 0.617422 0.784315 0.016023 0.024092
0 0.614534 0.821490 0.010729 0.020246
0 0.589504 0.826938 0.014579 0.022169
0 0.599612 0.819087 0.014098 0.024412
0 0.640406 0.721437 0.012413 0.026014
0 0.672054 0.696120 0.009766 0.018964
0 0.675063 0.744672 0.015301 0.028258
0 0.600334 0.576901 0.010247 0.021207
0 0.594197 0.578343 0.011451 0.020887
0 0.773498 0.607699 0.011932 0.019285
0 0.771591 0.624203 0.012413 0.026655
0 0.769064 0.599687 0.012173 0.018644
0 0.761844 0.594079 0.011691 0.024733
0 0.785430 0.510946 0.010729 0.017682
0 0.773998 0.508382 0.010969 0.015118
