0 0.7484040000000001 0.684905 0.012588 0.025519
0 0.7411179999999999 0.700637 0.012982 0.024470
0 0.775578 0.755962 0.017314 0.020800
0 0.770065 0.765139 0.014164 0.027617
0 0.762582 0.771170 0.011801 0.023946
0 0.6645190000000001 0.778774 0.014164 0.031812
0 0.6296649999999999 0.731839 0.015345 0.028141
0 0.622773 0.771694 0.014951 0.022897
0 0.609186 0.802110 0.014558 0.022897
0 0.5790580000000001 0.777463 0.017314 0.031288
0 0.610958 0.790573 0.014951 0.026044
0 0.518409 0.693295 0.014951 0.037056
0 0.571576 0.634561 0.015739 0.029714
0 0.701932 0.703205 0.014164 0.027617
0 0.704886 0.676985 0.012195 0.022373
0 0.707052 0.661253 0.012588 0.020275
0 0.44811100000000004 0.336167 0.012982 0.027092
0 0.47705699999999995 0.366058 0.011801 0.026044
0 0.46819599999999995 0.367631 0.014558 0.029190
0 0.41247 0.367369 0.013376 0.027617
0 0.39120299999999997 0.357405 0.014164 0.032861
0 0.412076 0.392803 0.014951 0.029190
0 0.411682 0.444982 0.018890 0.028666
0 0.37485900000000005 0.427938 0.014558 0.026044
0 0.47764799999999996 0.425108 0.012982 0.022373
0 0.494583 0.383941 0.014558 0.028141
0 0.5497179999999999 0.612167 0.021646 0.038629
0 0.508366 0.590928 0.015345 0.032861
0 0.410697 0.625801 0.019283 0.039678
0 0.389628 0.638387 0.017314 0.043874
0 0.427435 0.683487 0.019677 0.035483
0 0.402427 0.694237 0.016133 0.031812
0 0.39652 0.733568 0.012195 0.021324
0 0.432752 0.721244 0.016133 0.033385
0 0.47055899999999995 0.668803 0.013770 0.034434
0 0.518212 0.768810 0.018496 0.038105
0 0.520378 0.825971 0.020465 0.033910
0 0.509548 0.808928 0.013770 0.033385
0 0.48257099999999997 0.835410 0.017314 0.031812
0 0.433539 0.802897 0.016133 0.029714
0 0.38253899999999996 0.864253 0.018102 0.028666
0 0.581618 0.656480 0.019283 0.029714
0 0.33365100000000003 0.513000 0.016527 0.028141
0 0.37224599999999997 0.505134 0.017314 0.029190
0 0.36870099999999995 0.527683 0.018890 0.029190
0 0.310415 0.541318 0.016527 0.032337
0 0.304704 0.556526 0.013770 0.033385
0 0.310415 0.574094 0.014951 0.037056
0 0.296828 0.569898 0.015345 0.036007
0 0.27634899999999996 0.569112 0.015345 0.034434
0 0.25764200000000004 0.575929 0.013376 0.030239
0 0.25665800000000005 0.590350 0.016133 0.024470
0 0.23322500000000002 0.574618 0.017314 0.032861
0 0.22968 0.600052 0.021253 0.044922
