0 0.263307 0.685348 0.009477 0.016657
0 0.265473 0.695155 0.009477 0.020118
0 0.342584 0.741880 0.012943 0.024733
0 0.440706 0.667177 0.013376 0.020695
0 0.341935 0.704673 0.014242 0.024156
0 0.333054 0.692847 0.013809 0.024733
0 0.326556 0.708422 0.014676 0.023579
0 0.332187 0.725728 0.014676 0.023579
0 0.320491 0.738995 0.015542 0.029347
0 0.313993 0.719382 0.014676 0.020118
0 0.330888 0.737553 0.011210 0.020695
0 0.403017 0.668502 0.017708 0.024733
0 0.398252 0.656388 0.012510 0.018964
0 0.408216 0.638506 0.016842 0.027040
0 0.290596 0.625205 0.013376 0.020517
0 0.691148 0.586495 0.006711 0.009868
0 0.678819 0.568080 0.004712 0.012974
