0 0.340202 0.683251 0.010777 0.016080
0 0.480562 0.572784 0.011643 0.022425
0 0.471681 0.575092 0.011210 0.027040
0 0.462584 0.566150 0.012943 0.023002
0 0.548359 0.588359 0.008611 0.016657
0 0.545543 0.583168 0.010777 0.020118
0 0.570020 0.576534 0.012076 0.023002
0 0.614207 0.563266 0.008611 0.021848
0 0.602510 0.547114 0.011210 0.023002
0 0.576518 0.446566 0.013809 0.026463
0 0.564171 0.442239 0.016842 0.027040
0 0.570886 0.418818 0.013809 0.019541
0 0.562222 0.424010 0.013809 0.021848
0 0.410598 0.677712 0.011210 0.014349
0 0.402801 0.660407 0.010344 0.015503
0 0.380923 0.609067 0.012510 0.018964
0 0.355147 0.633006 0.012076 0.023002
0 0.345400 0.665599 0.013376 0.017810
0 0.347566 0.646274 0.013376 0.021848
0 0.355581 0.651466 0.013809 0.027617
0 0.413631 0.611663 0.010344 0.018387
0 0.406266 0.616278 0.012943 0.023002
0 0.433992 0.609067 0.012943 0.022425
0 0.419696 0.634737 0.010344 0.016080
0 0.418613 0.646851 0.010777 0.016080
0 0.415147 0.639640 0.013376 0.021271
0 0.415364 0.658676 0.013809 0.023579
0 0.436854 0.557697 0.008711 0.016967
0 0.410362 0.555479 0.010377 0.019630
0 0.391201 0.585653 0.009377 0.019630
0 0.443519 0.629315 0.007378 0.015636
0 0.436354 0.632643 0.008377 0.017855
0 0.625191 0.483504 0.012043 0.021405
0 0.991265 0.701068 0.011043 0.033829
0 0.919285 0.849359 0.015709 0.032942
0 0.919452 0.869327 0.012710 0.032942
0 0.940779 0.831610 0.017375 0.035604
0 0.938613 0.852687 0.015709 0.036935
0 0.913287 0.507414 0.009044 0.019630
0 0.907455 0.507192 0.012043 0.021848
0 0.919119 0.523610 0.011377 0.023623
0 0.808150 0.506350 0.016042 0.027173
