0 0.455869 0.658676 0.013376 0.024733
0 0.449587 0.677136 0.016409 0.032809
0 0.453486 0.697037 0.014676 0.026463
0 0.450020 0.713766 0.015542 0.031078
0 0.474930 0.668194 0.015109 0.027617
0 0.472764 0.692134 0.010777 0.023579
0 0.495941 0.696460 0.013809 0.023002
0 0.395653 0.652619 0.013376 0.027617
0 0.390237 0.633872 0.012943 0.022425
0 0.520850 0.673674 0.013376 0.021271
0 0.516735 0.681462 0.014676 0.023002
0 0.527565 0.680597 0.012076 0.027040
0 0.535796 0.644832 0.013809 0.029347
0 0.546626 0.671079 0.011210 0.024156
0 0.536446 0.666464 0.015975 0.033385
0 0.537745 0.699056 0.015109 0.027040
0 0.530381 0.710016 0.013376 0.021271
0 0.632835 0.667559 0.008611 0.019541
0 0.280852 0.625160 0.009910 0.018964
0 0.743780 0.708056 0.010344 0.013772
0 0.738798 0.713536 0.009044 0.017810
0 0.746163 0.715267 0.009044 0.015503
0 0.707391 0.666464 0.011210 0.020695
0 0.702842 0.652619 0.009044 0.017234
0 0.706957 0.656369 0.007744 0.014349
0 0.633528 0.634160 0.014242 0.021848
0 0.642193 0.634160 0.013376 0.025309
0 0.673817 0.626084 0.006445 0.012619
0 0.589341 0.641430 0.009044 0.012042
0 0.665586 0.643619 0.011643 0.020118
0 0.500100 0.529173 0.013376 0.027617
0 0.379407 0.611027 0.019008 0.029924
0 0.486447 0.446913 0.012943 0.020118
0 0.495761 0.440279 0.019441 0.024156
0 0.425340 0.624583 0.012076 0.023579
0 0.438986 0.619968 0.020307 0.032809
