0 0.655303 0.657008 0.041541 0.072677
0 0.638838 0.681835 0.041541 0.062285
0 0.630173 0.733798 0.041541 0.071523
0 0.424367 0.846962 0.026810 0.069213
0 0.447764 0.846385 0.028543 0.058820
0 0.473760 0.840034 0.035475 0.073832
0 0.486325 0.778255 0.036342 0.070368
0 0.465528 0.786339 0.031142 0.061130
0 0.445164 0.777101 0.037208 0.063439
0 0.421767 0.764399 0.032009 0.065749
0 0.402270 0.752274 0.025943 0.055356
0 0.503656 0.469941 0.041541 0.084225
0 0.131533 0.660720 0.014820 0.025053
0 0.142122 0.676103 0.013857 0.028899
0 0.698828 0.653415 0.012413 0.024412
0 0.708696 0.659183 0.012895 0.032103
0 0.707011 0.642839 0.012413 0.027617
0 0.718323 0.646044 0.013857 0.025053
0 0.721933 0.631623 0.013376 0.023130
0 0.863689 0.680655 0.012895 0.026335
0 0.898105 0.571694 0.016264 0.023771
0 0.193385 0.550798 0.012413 0.023130
0 0.189053 0.554964 0.013376 0.026335
