0 0.659798 0.683251 0.010777 0.016080
0 0.5194380000000001 0.572784 0.011643 0.022425
0 0.528319 0.575092 0.011210 0.027040
0 0.537416 0.566150 0.012943 0.023002
0 0.45164099999999996 0.588359 0.008611 0.016657
0 0.454457 0.583168 0.010777 0.020118
0 0.42998000000000003 0.576534 0.012076 0.023002
0 0.38579300000000005 0.563266 0.008611 0.021848
0 0.39749 0.547114 0.011210 0.023002
0 0.423482 0.446566 0.013809 0.026463
0 0.435829 0.442239 0.016842 0.027040
0 0.429114 0.418818 0.013809 0.019541
0 0.437778 0.424010 0.013809 0.021848
0 0.589402 0.677712 0.011210 0.014349
0 0.597199 0.660407 0.010344 0.015503
0 0.619077 0.609067 0.012510 0.018964
0 0.644853 0.633006 0.012076 0.023002
0 0.6546000000000001 0.665599 0.013376 0.017810
0 0.652434 0.646274 0.013376 0.021848
0 0.6444190000000001 0.651466 0.013809 0.027617
0 0.5863689999999999 0.611663 0.010344 0.018387
0 0.593734 0.616278 0.012943 0.023002
0 0.5660080000000001 0.609067 0.012943 0.022425
0 0.5803039999999999 0.634737 0.010344 0.016080
0 0.581387 0.646851 0.010777 0.016080
0 0.5848530000000001 0.639640 0.013376 0.021271
0 0.5846359999999999 0.658676 0.013809 0.023579
0 0.5631459999999999 0.557697 0.008711 0.016967
0 0.589638 0.555479 0.010377 0.019630
0 0.608799 0.585653 0.009377 0.019630
0 0.556481 0.629315 0.007378 0.015636
0 0.563646 0.632643 0.008377 0.017855
0 0.37480899999999995 0.483504 0.012043 0.021405
0 0.008735000000000048 0.701068 0.011043 0.033829
0 0.08071499999999998 0.849359 0.015709 0.032942
0 0.08054799999999995 0.869327 0.012710 0.032942
0 0.05922099999999997 0.831610 0.017375 0.035604
0 0.06138699999999997 0.852687 0.015709 0.036935
0 0.08671300000000004 0.507414 0.009044 0.019630
0 0.09254499999999999 0.507192 0.012043 0.021848
0 0.08088099999999998 0.523610 0.011377 0.023623
0 0.19184999999999997 0.506350 0.016042 0.027173
