0 0.8057030000000001 0.647771 0.020744 0.033416
0 0.673554 0.708394 0.018144 0.032262
0 0.651023 0.705507 0.014678 0.024178
0 0.6393249999999999 0.696847 0.019011 0.025333
0 0.20345000000000002 0.690496 0.027676 0.040345
0 0.119394 0.652967 0.015544 0.039190
0 0.668469 0.546887 0.023003 0.029540
0 0.677133 0.571563 0.021078 0.034026
0 0.530323 0.654697 0.011451 0.016721
0 0.49133400000000005 0.674886 0.009525 0.016080
0 0.43549800000000005 0.698601 0.012413 0.016080
0 0.350541 0.216924 0.025410 0.040436
0 0.419373 0.208271 0.019634 0.025694
