0 0.219610 0.646542 0.012390 0.036851
0 0.231620 0.652732 0.013939 0.043729
0 0.366636 0.689528 0.015102 0.054046
0 0.342228 0.600116 0.019751 0.056797
0 0.371478 0.635193 0.018588 0.054046
0 0.356756 0.649637 0.017814 0.052670
0 0.405184 0.617999 0.014714 0.054046
0 0.392011 0.615935 0.017039 0.055421
0 0.437533 0.615935 0.019751 0.049919
0 0.447218 0.582922 0.020526 0.056797
0 0.518310 0.249107 0.016264 0.045792
0 0.491772 0.713890 0.018976 0.058860
0 0.482667 0.757564 0.020913 0.052670
0 0.482861 0.804333 0.025175 0.059548
0 0.478599 0.834595 0.026724 0.049919
0 0.507268 0.737618 0.021300 0.055421
0 0.502619 0.779573 0.019751 0.049919
0 0.532450 0.737274 0.024400 0.060236
0 0.545041 0.775102 0.021688 0.061611
0 0.577585 0.783699 0.016264 0.043041
0 0.571967 0.735211 0.016651 0.050607
0 0.584946 0.730052 0.021688 0.059548
0 0.592306 0.746903 0.016264 0.042353
0 0.604316 0.782324 0.020138 0.052670
0 0.611096 0.710795 0.016651 0.051295
0 0.614583 0.662306 0.018976 0.050607
0 0.593081 0.693600 0.024787 0.063675
0 0.481699 0.450283 0.021300 0.046480
0 0.642067 0.626489 0.004888 0.016030
0 0.645589 0.626489 0.004043 0.014029
0 0.647702 0.626739 0.007142 0.018531
0 0.670665 0.685513 0.007987 0.027035
0 0.666298 0.682261 0.007142 0.029536
0 0.667988 0.667505 0.012214 0.027035
0 0.678977 0.632741 0.015031 0.036538
0 0.718564 0.649498 0.009114 0.028035
0 0.724622 0.659002 0.009396 0.025034
0 0.723354 0.674508 0.009678 0.030036
0 0.717719 0.666255 0.009114 0.025534
0 0.677991 0.652249 0.012495 0.036538
0 0.765899 0.746788 0.009678 0.019532
0 0.763364 0.735783 0.009114 0.019532
0 0.760264 0.744037 0.011368 0.031036
