0 0.602063 0.684722 0.024210 0.042654
0 0.612895 0.580796 0.026810 0.051892
0 0.607262 0.617170 0.034609 0.057666
0 0.582132 0.614283 0.025943 0.049583
0 0.562332 0.574193 0.018671 0.040436
0 0.541153 0.493754 0.019634 0.044922
0 0.530564 0.507214 0.022522 0.041077
0 0.519493 0.517148 0.020596 0.035308
0 0.510588 0.512982 0.024928 0.037231
0 0.49711000000000005 0.526763 0.020115 0.034026
0 0.517327 0.540863 0.019152 0.028899
0 0.529601 0.529006 0.022522 0.037231
0 0.52912 0.566181 0.017708 0.037231
0 0.5219 0.573872 0.011932 0.035949
0 0.541875 0.573872 0.021078 0.044922
0 0.517567 0.309606 0.014820 0.033385
0 0.530564 0.305440 0.016745 0.031463
0 0.525991 0.279482 0.020115 0.035949
0 0.501683 0.225642 0.014820 0.024412
0 0.458843 0.371523 0.015783 0.027617
0 0.471599 0.400045 0.015301 0.020566
0 0.46245400000000003 0.414787 0.017227 0.028258
0 0.424909 0.406775 0.017227 0.030181
0 0.381347 0.396199 0.014820 0.032103
0 0.37605200000000005 0.408377 0.014820 0.034667
0 0.37027600000000005 0.390431 0.020596 0.038513
0 0.35367000000000004 0.425683 0.018190 0.038513
0 0.34284000000000003 0.417992 0.018671 0.034667
0 0.638385 0.509967 0.018671 0.037872
0 0.589047 0.451000 0.016264 0.034026
0 0.497351 0.136486 0.010969 0.020566
0 0.48050400000000004 0.104759 0.013857 0.017362
0 0.46630400000000005 0.092901 0.012413 0.029540
0 0.447773 0.077518 0.015783 0.026976
0 0.44271799999999994 0.145779 0.015301 0.027617
0 0.453789 0.132640 0.016264 0.021848
0 0.457881 0.140652 0.015783 0.023771
0 0.26844 0.500222 0.018190 0.035308
0 0.23209900000000006 0.417540 0.017708 0.036590
0 0.219584 0.426514 0.022522 0.037872
0 0.21982500000000005 0.452472 0.017227 0.035949
0 0.231618 0.441896 0.018671 0.036590
0 0.204422 0.444781 0.017227 0.033385
0 0.574816 0.222372 0.019634 0.024412
0 0.499004 0.085210 0.010488 0.016721
0 0.532698 0.130076 0.011451 0.016721
0 0.511038 0.168212 0.010488 0.018644
