0 0.539676 0.516933 0.013376 0.022373
0 0.534359 0.510116 0.012195 0.022373
0 0.525498 0.505658 0.014164 0.033385
0 0.489857 0.469998 0.009832 0.026044
0 0.498915 0.528732 0.015345 0.023946
0 0.501868 0.544464 0.014164 0.028141
0 0.52156 0.539220 0.012588 0.020800
0 0.527467 0.547086 0.014951 0.026044
0 0.46543900000000005 0.478913 0.014558 0.027092
0 0.43413 0.480749 0.013376 0.025519
0 0.44574800000000003 0.394745 0.010619 0.020275
0 0.46957499999999996 0.651760 0.011013 0.024470
0 0.449292 0.683749 0.012982 0.019226
0 0.46622699999999995 0.730421 0.014558 0.021324
0 0.45303400000000005 0.704201 0.010225 0.020275
0 0.44614200000000004 0.702890 0.009832 0.026044
0 0.436887 0.698957 0.011801 0.023422
0 0.427435 0.688731 0.014951 0.027092
0 0.402624 0.739074 0.012588 0.023946
0 0.39454999999999996 0.741958 0.013770 0.026568
0 0.430979 0.585684 0.011801 0.021324
0 0.424678 0.598008 0.011013 0.023946
0 0.420543 0.602990 0.012195 0.024470
0 0.44988300000000003 0.623179 0.015739 0.026044
0 0.440234 0.631308 0.011407 0.022373
0 0.431373 0.623179 0.013376 0.029190
0 0.44200700000000004 0.650187 0.012588 0.021324
0 0.391597 0.542158 0.014164 0.023422
0 0.38253899999999996 0.521968 0.013376 0.027092
0 0.417589 0.567068 0.013376 0.020800
0 0.416211 0.549500 0.013770 0.027617
0 0.40735 0.563921 0.011013 0.021848
0 0.39730699999999997 0.564183 0.016921 0.025519
0 0.38450799999999996 0.386039 0.011801 0.017653
0 0.37997899999999996 0.400198 0.011407 0.020800
0 0.36993600000000004 0.401509 0.008650 0.015031
0 0.36737600000000004 0.384466 0.011407 0.020800
0 0.481927 0.380795 0.010619 0.014507
0 0.47345899999999996 0.403607 0.011013 0.017129
0 0.26610900000000004 0.642898 0.008256 0.012933
0 0.26571599999999995 0.657320 0.009832 0.015555
0 0.26335299999999995 0.670430 0.012195 0.018702
0 0.25626400000000005 0.684589 0.009044 0.016604
0 0.252719 0.700321 0.011407 0.015555
0 0.250159 0.710023 0.011801 0.013982
0 0.26610900000000004 0.699797 0.017708 0.020800
0 0.287967 0.719987 0.008650 0.013982
0 0.285998 0.728639 0.008650 0.012409
0 0.27831799999999995 0.734408 0.009044 0.014507
0 0.814567 0.630783 0.008650 0.013982
0 0.8167329999999999 0.637076 0.007469 0.011885
0 0.8061 0.652546 0.007469 0.013458
0 0.807675 0.662510 0.009044 0.012409
0 0.784636 0.678243 0.011801 0.016604
