0 0.699117 0.522482 0.025943 0.041499
0 0.615495 0.508048 0.032009 0.040345
0 0.697384 0.601581 0.025943 0.044964
0 0.588632 0.688764 0.030276 0.034571
0 0.482479 0.422020 0.029409 0.032262
0 0.47034699999999996 0.431258 0.024210 0.032262
0 0.26887399999999995 0.800195 0.019877 0.033416
0 0.38585899999999995 0.602158 0.028543 0.036880
0 0.37979300000000005 0.365438 0.021610 0.027643
0 0.206916 0.504006 0.025943 0.036880
0 0.6184270000000001 0.392630 0.015542 0.030501
0 0.37166999999999994 0.743145 0.011643 0.023002
