0 0.648857 0.538648 0.022477 0.048428
0 0.640191 0.523059 0.025943 0.054202
0 0.608996 0.571558 0.025943 0.044964
0 0.605963 0.525946 0.023343 0.050737
0 0.587765 0.491304 0.023343 0.036880
0 0.586032 0.517286 0.028543 0.040345
0 0.566101 0.534607 0.023343 0.058820
0 0.52624 0.561743 0.026810 0.053047
0 0.553103 0.489572 0.016411 0.047273
0 0.539238 0.482643 0.026810 0.051892
0 0.7203470000000001 0.572713 0.019877 0.040345
0 0.699983 0.659318 0.019011 0.040345
0 0.695217 0.626985 0.028543 0.044964
0 0.674744 0.351497 0.012076 0.031655
0 0.6589320000000001 0.322078 0.019441 0.031655
0 0.671278 0.399205 0.015542 0.031078
0 0.763985 0.686365 0.012076 0.024733
0 0.78348 0.670502 0.010344 0.020695
0 0.776548 0.676270 0.010344 0.028771
0 0.723697 0.695018 0.015542 0.029347
0 0.7436240000000001 0.688096 0.012076 0.024733
0 0.730845 0.713189 0.014242 0.033385
0 0.708968 0.749530 0.014676 0.032232
0 0.702036 0.701940 0.017275 0.029347
0 0.712217 0.692134 0.015109 0.030501
0 0.6184270000000001 0.703671 0.019008 0.032809
0 0.646369 0.841656 0.016842 0.030501
0 0.572506 0.790604 0.019008 0.029924
0 0.557777 0.785413 0.012943 0.032232
0 0.542832 0.777337 0.017708 0.035693
0 0.5372 0.793777 0.015109 0.025886
0 0.511857 0.760031 0.017275 0.026463
0 0.5237700000000001 0.739841 0.015975 0.026463
0 0.5385 0.731189 0.013376 0.026463
0 0.534384 0.716767 0.016409 0.023002
0 0.517922 0.715902 0.015542 0.029347
0 0.49821099999999996 0.701192 0.016842 0.031078
0 0.48759699999999995 0.713018 0.019874 0.032809
0 0.669762 0.647716 0.015975 0.025886
0 0.649185 0.652908 0.019008 0.031655
0 0.5062249999999999 0.256605 0.020741 0.038000
