0 0.267031 0.121744 0.018190 0.033385
0 0.625151 0.186479 0.028779 0.047486
0 0.159691 0.418632 0.017227 0.032103
0 0.179426 0.390431 0.020115 0.038513
0 0.178945 0.403570 0.022040 0.037872
0 0.211436 0.389149 0.014820 0.033385
0 0.220822 0.392995 0.017227 0.041077
0 0.229486 0.407416 0.018190 0.043000
0 0.261977 0.359024 0.018671 0.037231
0 0.260052 0.447475 0.014820 0.028258
0 0.259330 0.385624 0.022040 0.035308
0 0.351988 0.495546 0.017708 0.035949
0 0.309630 0.475036 0.015783 0.033385
0 0.294227 0.480804 0.019634 0.035949
0 0.286525 0.499712 0.020596 0.034026
0 0.288025 0.512946 0.013770 0.029190
0 0.287237 0.524483 0.019283 0.033385
0 0.333906 0.529727 0.015739 0.031288
0 0.329968 0.581906 0.017314 0.030763
0 0.425471 0.582169 0.021646 0.037581
0 0.277785 0.696126 0.014558 0.030239
0 0.367381 0.638965 0.016527 0.032337
0 0.379196 0.656009 0.021253 0.041252
0 0.391995 0.634770 0.015345 0.035483
0 0.398100 0.626642 0.015739 0.034959
0 0.406173 0.628477 0.020859 0.035483
0 0.436104 0.648667 0.014558 0.039154
0 0.438467 0.627166 0.023222 0.038105
0 0.420745 0.694815 0.026372 0.040203
0 0.405779 0.703992 0.016921 0.029190
0 0.413262 0.731524 0.022434 0.047544
0 0.371516 0.693766 0.017708 0.026568
0 0.364821 0.712120 0.020071 0.033910
0 0.353006 0.657528 0.013770 0.026568
0 0.511128 0.615522 0.009438 0.019226
0 0.523140 0.598741 0.009832 0.018177
0 0.537121 0.613949 0.010225 0.017129
