0 0.5747260000000001 0.285245 0.012588 0.016604
0 0.61785 0.288130 0.009044 0.011885
0 0.60958 0.305960 0.010619 0.012933
0 0.639905 0.326412 0.012982 0.017129
0 0.628484 0.316710 0.012195 0.020800
0 0.686376 0.345815 0.013770 0.020275
0 0.656642 0.356041 0.011013 0.015555
0 0.672986 0.342930 0.014558 0.021848
0 0.6603840000000001 0.367840 0.013770 0.018177
0 0.6686540000000001 0.380950 0.012195 0.016080
0 0.6507350000000001 0.392487 0.012588 0.017129
0 0.62297 0.356303 0.009832 0.015031
0 0.6263179999999999 0.363907 0.015739 0.022897
0 0.6643220000000001 0.453897 0.014558 0.022373
0 0.7198519999999999 0.474611 0.013770 0.020800
0 0.683423 0.516933 0.014951 0.024470
0 0.689921 0.536598 0.013770 0.027092
0 0.682635 0.536598 0.014164 0.031288
0 0.677515 0.545513 0.012588 0.029190
0 0.78503 0.585106 0.011801 0.018177
0 0.801768 0.586155 0.008256 0.016080
0 0.811416 0.578289 0.008650 0.017129
0 0.826185 0.591399 0.010619 0.018177
0 0.822837 0.586417 0.010225 0.020800
0 0.8125979999999999 0.596381 0.011801 0.018702
0 0.7295 0.822038 0.016527 0.026044
0 0.74289 0.747572 0.014951 0.027092
0 0.7401340000000001 0.768548 0.018890 0.033385
0 0.687361 0.692771 0.012588 0.030763
0 0.678106 0.694868 0.014558 0.039154
0 0.671214 0.695655 0.013376 0.036532
0 0.6639280000000001 0.701948 0.012195 0.037581
0 0.657824 0.695655 0.011013 0.029190
0 0.499505 0.684851 0.015739 0.031812
0 0.46209199999999995 0.627166 0.015739 0.026568
0 0.555035 0.625593 0.012588 0.026568
0 0.5459769999999999 0.616416 0.012588 0.027092
0 0.573348 0.616940 0.014558 0.029190
0 0.581224 0.603567 0.012982 0.029714
0 0.568819 0.602781 0.016527 0.030239
0 0.610171 0.619038 0.015739 0.027092
0 0.645221 0.607763 0.012588 0.021324
0 0.6387229999999999 0.615629 0.009832 0.019226
0 0.636557 0.603830 0.013376 0.026044
0 0.45224600000000004 0.631308 0.013376 0.028666
0 0.46150100000000005 0.646778 0.014558 0.023946
0 0.47055899999999995 0.618984 0.013770 0.027092
0 0.47016500000000006 0.634979 0.017708 0.024470
0 0.47626999999999997 0.643369 0.012588 0.022373
0 0.48414599999999997 0.641009 0.013376 0.022897
0 0.583981 0.499312 0.014558 0.027092
0 0.19325099999999995 0.691615 0.012195 0.022373
0 0.20388499999999998 0.703939 0.012195 0.019751
0 0.20073399999999997 0.600630 0.010619 0.019751
0 0.20506599999999997 0.606398 0.012195 0.021848
