0 0.312635 0.808856 0.038075 0.073832
0 0.27840600000000004 0.838302 0.037208 0.077296
0 0.246344 0.757470 0.033742 0.074987
0 0.21774800000000005 0.735530 0.025076 0.054202
0 0.262375 0.693960 0.038075 0.070368
0 0.17442000000000002 0.632759 0.026810 0.047273
0 0.304836 0.443960 0.036342 0.073832
0 0.338198 0.441650 0.032009 0.055356
0 0.37459299999999995 0.366015 0.049340 0.093462
0 0.373294 0.331373 0.048473 0.074987
0 0.6180939999999999 0.641997 0.058005 0.098081
0 0.991903 0.309722 0.016194 0.043232
0 0.973164 0.337436 0.016844 0.045541
0 0.888242 0.709260 0.020310 0.033994
0 0.833432 0.713590 0.019011 0.031107
0 0.789022 0.743902 0.021177 0.033994
0 0.746561 0.775080 0.017711 0.029375
0 0.698034 0.735819 0.043707 0.052469
0 0.805486 0.577620 0.024643 0.031684
0 0.903406 0.484087 0.019444 0.038613
0 0.9350350000000001 0.465034 0.020310 0.044386
0 0.938068 0.429237 0.028109 0.030529
0 0.938068 0.318383 0.035042 0.046696
0 0.21796400000000005 0.481200 0.031576 0.044386
0 0.25652600000000003 0.471385 0.027243 0.057088
0 0.22836299999999998 0.542401 0.026376 0.046696
0 0.513892 0.028255 0.034175 0.056511
0 0.7313959999999999 0.045865 0.042841 0.065171
0 0.562852 0.048175 0.028109 0.044386
0 0.6889350000000001 0.449445 0.028976 0.050160
0 0.699767 0.383625 0.029843 0.059398
