0 0.182390 0.653471 0.006578 0.015530
0 0.180065 0.665301 0.007508 0.017181
0 0.256929 0.896946 0.014327 0.030386
0 0.255070 0.887317 0.011847 0.024334
0 0.396709 0.475550 0.009988 0.026534
0 0.403838 0.470873 0.009988 0.031486
0 0.409882 0.464545 0.010918 0.030936
0 0.446919 0.416676 0.011227 0.032037
0 0.468924 0.429331 0.009988 0.025434
0 0.438241 0.498935 0.011227 0.028185
0 0.438551 0.510489 0.013087 0.029286
0 0.418250 0.506638 0.009058 0.028185
0 0.414531 0.520393 0.010298 0.030386
0 0.497465 0.425983 0.012467 0.027635
0 0.461977 0.659152 0.009058 0.030386
0 0.473290 0.769197 0.013707 0.030386
0 0.464767 0.675109 0.009678 0.028185
0 0.487702 0.706747 0.010298 0.027635
0 0.483208 0.625314 0.011847 0.030936
0 0.499169 0.573042 0.012777 0.027635
0 0.507228 0.590374 0.013397 0.034788
0 0.514666 0.597252 0.012157 0.030936
0 0.503509 0.618161 0.011537 0.027635
0 0.509552 0.627239 0.009368 0.027085
0 0.494365 0.638794 0.011227 0.027085
0 0.492041 0.659978 0.012157 0.029836
0 0.558987 0.486508 0.014637 0.038639
0 0.548604 0.514844 0.013707 0.031486
0 0.547209 0.542906 0.010918 0.027085
0 0.535432 0.550334 0.010918 0.027635
0 0.522415 0.525849 0.011537 0.028185
0 0.518540 0.546482 0.010608 0.032037
0 0.498860 0.737109 0.009058 0.025434
0 0.550309 0.792681 0.009678 0.029836
0 0.558832 0.797083 0.011227 0.033137
0 0.510792 0.725279 0.009368 0.027085
0 0.505833 0.731606 0.012467 0.033137
0 0.731802 0.770122 0.008128 0.019932
0 0.586844 0.306154 0.009201 0.016376
0 0.533321 0.295150 0.009439 0.014683
0 0.713202 0.660970 0.007294 0.017646
0 0.716182 0.670705 0.007055 0.018493
0 0.718566 0.690174 0.007532 0.018493
0 0.719878 0.714934 0.007771 0.022302
0 0.726434 0.736309 0.007532 0.019339
0 0.709387 0.725939 0.007771 0.018916
0 0.689957 0.780961 0.007532 0.017223
0 0.692937 0.794294 0.008724 0.019339
0 0.699493 0.800643 0.006102 0.015107
0 0.685904 0.791331 0.010393 0.020186
0 0.478093 0.299200 0.007771 0.020186
0 0.467960 0.329674 0.008486 0.020186
