0 0.691499 0.516228 0.009972 0.017728
0 0.689642 0.526117 0.009972 0.019376
0 0.659782 0.609966 0.009044 0.015668
0 0.64957 0.623152 0.008425 0.013196
0 0.751839 0.631392 0.008735 0.017316
0 0.758028 0.630980 0.009972 0.018140
0 0.764371 0.627066 0.009044 0.024321
0 0.85519 0.721216 0.008116 0.015668
0 0.803824 0.719362 0.008735 0.013608
0 0.810013 0.703499 0.006878 0.018964
0 0.845598 0.695876 0.009353 0.021848
0 0.852869 0.689077 0.011519 0.019788
0 0.827496 0.658587 0.009663 0.015668
0 0.830126 0.660441 0.007497 0.018552
0 0.836315 0.651994 0.008735 0.023084
0 0.824866 0.669712 0.009353 0.017316
0 0.797481 0.691138 0.009044 0.018140
0 0.786031 0.658999 0.009663 0.019788
0 0.779224 0.677746 0.011519 0.015256
0 0.70202 0.641487 0.010591 0.021848
0 0.686238 0.634483 0.012448 0.018552
0 0.663262 0.630438 0.003990 0.007748
0 0.6662710000000001 0.638290 0.004712 0.008709
0 0.671325 0.628355 0.005193 0.009350
0 0.6728890000000001 0.634604 0.005915 0.009029
0 0.500869 0.826137 0.014339 0.025053
0 0.493769 0.822612 0.014098 0.027617
0 0.405081 0.845526 0.011932 0.020246
0 0.381977 0.836232 0.012895 0.021528
0 0.36934100000000003 0.808511 0.015061 0.026976
0 0.382578 0.784315 0.016023 0.024092
0 0.385466 0.821490 0.010729 0.020246
0 0.41049599999999997 0.826938 0.014579 0.022169
0 0.40038799999999997 0.819087 0.014098 0.024412
0 0.35959399999999997 0.721437 0.012413 0.026014
0 0.32794599999999996 0.696120 0.009766 0.018964
0 0.32493700000000003 0.744672 0.015301 0.028258
0 0.39966599999999997 0.576901 0.010247 0.021207
0 0.405803 0.578343 0.011451 0.020887
0 0.22650199999999998 0.607699 0.011932 0.019285
0 0.22840899999999997 0.624203 0.012413 0.026655
0 0.23093600000000003 0.599687 0.012173 0.018644
0 0.23815600000000003 0.594079 0.011691 0.024733
0 0.21457000000000004 0.510946 0.010729 0.017682
0 0.22600200000000004 0.508382 0.010969 0.015118
