0 0.286218 0.332067 0.014637 0.040290
0 0.258789 0.346923 0.014327 0.030386
0 0.181770 0.785804 0.014637 0.035888
0 0.188124 0.766821 0.014327 0.034238
0 0.171077 0.715925 0.014947 0.041390
0 0.176036 0.702444 0.012467 0.032037
0 0.172472 0.694191 0.012777 0.033137
0 0.168908 0.728305 0.013087 0.034238
0 0.247631 0.694741 0.016186 0.044142
0 0.230275 0.776450 0.016186 0.041390
0 0.244687 0.750864 0.014637 0.038639
0 0.258944 0.754716 0.013397 0.034238
0 0.258634 0.769572 0.015257 0.036438
0 0.269636 0.806437 0.019906 0.047443
0 0.315352 0.822118 0.015876 0.041390
0 0.294741 0.753615 0.014327 0.039740
0 0.308378 0.743986 0.016186 0.043591
0 0.309773 0.720877 0.015876 0.041390
0 0.531447 0.709570 0.020385 0.043041
0 0.544831 0.709320 0.017849 0.041541
0 0.548916 0.722826 0.017567 0.039540
0 0.546240 0.779099 0.015031 0.035038
0 0.556101 0.774597 0.013341 0.039040
0 0.572866 0.776848 0.011368 0.036538
0 0.664878 0.697637 0.007142 0.015030
0 0.662624 0.674128 0.006015 0.015030
0 0.731814 0.786924 0.013059 0.031536
0 0.730124 0.760663 0.015876 0.039040
0 0.780559 0.874710 0.010805 0.031036
0 0.787039 0.891967 0.010241 0.026534
0 0.776051 0.887715 0.010241 0.030036
0 0.703920 0.418002 0.018694 0.041541
