0 0.687365 0.808856 0.038075 0.073832
0 0.721594 0.838302 0.037208 0.077296
0 0.753656 0.757470 0.033742 0.074987
0 0.782252 0.735530 0.025076 0.054202
0 0.737625 0.693960 0.038075 0.070368
0 0.825580 0.632759 0.026810 0.047273
0 0.695164 0.443960 0.036342 0.073832
0 0.661802 0.441650 0.032009 0.055356
0 0.625407 0.366015 0.049340 0.093462
0 0.626706 0.331373 0.048473 0.074987
0 0.381906 0.641997 0.058005 0.098081
0 0.008097 0.309722 0.016194 0.043232
0 0.026836 0.337436 0.016844 0.045541
0 0.111758 0.709260 0.020310 0.033994
0 0.166568 0.713590 0.019011 0.031107
0 0.210978 0.743902 0.021177 0.033994
0 0.253439 0.775080 0.017711 0.029375
0 0.301966 0.735819 0.043707 0.052469
0 0.194514 0.577620 0.024643 0.031684
0 0.096594 0.484087 0.019444 0.038613
0 0.064965 0.465034 0.020310 0.044386
0 0.061932 0.429237 0.028109 0.030529
0 0.061932 0.318383 0.035042 0.046696
0 0.782036 0.481200 0.031576 0.044386
0 0.743474 0.471385 0.027243 0.057088
0 0.771637 0.542401 0.026376 0.046696
0 0.486108 0.028255 0.034175 0.056511
0 0.268604 0.045865 0.042841 0.065171
0 0.437148 0.048175 0.028109 0.044386
0 0.311065 0.449445 0.028976 0.050160
0 0.300233 0.383625 0.029843 0.059398
