0 0.378703 0.588518 0.014339 0.028067
0 0.376296 0.565219 0.016264 0.030181
0 0.387367 0.585409 0.019152 0.035949
0 0.427319 0.625789 0.016264 0.026976
0 0.454996 0.630596 0.016745 0.028899
0 0.414082 0.569385 0.015783 0.032103
0 0.423709 0.588614 0.016745 0.026976
0 0.422024 0.598869 0.018190 0.028258
0 0.430688 0.576436 0.015301 0.028258
0 0.440796 0.547273 0.018190 0.034026
0 0.451627 0.563296 0.021559 0.037872
0 0.444647 0.572590 0.019152 0.028258
0 0.463419 0.568104 0.016264 0.026976
0 0.461253 0.583166 0.017708 0.031463
0 0.448498 0.587011 0.018190 0.031463
0 0.440315 0.598228 0.017227 0.030822
0 0.461735 0.601433 0.016745 0.024412
0 0.452589 0.610086 0.015783 0.032744
0 0.596992 0.555605 0.013857 0.032744
0 0.485080 0.515226 0.019152 0.037872
0 0.543082 0.537979 0.015783 0.029540
0 0.548858 0.531249 0.010969 0.022489
0 0.539953 0.520674 0.012413 0.025694
0 0.546692 0.511380 0.014339 0.027617
0 0.552227 0.502407 0.012895 0.025053
0 0.558244 0.526763 0.017227 0.022489
0 0.681228 0.338063 0.023484 0.034026
0 0.683153 0.327487 0.023484 0.029540
0 0.700722 0.345114 0.022040 0.044281
0 0.935650 0.320437 0.021078 0.034667
0 0.626867 0.417606 0.016745 0.022489
0 0.479576 0.444015 0.021559 0.041718
0 0.526026 0.451066 0.023003 0.040436
0 0.537578 0.473819 0.020115 0.041077
0 0.847323 0.337487 0.015783 0.030181
0 0.850211 0.318900 0.018671 0.031463
0 0.837696 0.313452 0.017708 0.026976
