0 0.713782 0.332067 0.014637 0.040290
0 0.7412110000000001 0.346923 0.014327 0.030386
0 0.81823 0.785804 0.014637 0.035888
0 0.811876 0.766821 0.014327 0.034238
0 0.828923 0.715925 0.014947 0.041390
0 0.823964 0.702444 0.012467 0.032037
0 0.827528 0.694191 0.012777 0.033137
0 0.8310919999999999 0.728305 0.013087 0.034238
0 0.7523690000000001 0.694741 0.016186 0.044142
0 0.769725 0.776450 0.016186 0.041390
0 0.755313 0.750864 0.014637 0.038639
0 0.7410559999999999 0.754716 0.013397 0.034238
0 0.741366 0.769572 0.015257 0.036438
0 0.730364 0.806437 0.019906 0.047443
0 0.6846479999999999 0.822118 0.015876 0.041390
0 0.7052590000000001 0.753615 0.014327 0.039740
0 0.691622 0.743986 0.016186 0.043591
0 0.6902269999999999 0.720877 0.015876 0.041390
0 0.468553 0.709570 0.020385 0.043041
0 0.45516900000000005 0.709320 0.017849 0.041541
0 0.45108400000000004 0.722826 0.017567 0.039540
0 0.45376000000000005 0.779099 0.015031 0.035038
0 0.44389900000000004 0.774597 0.013341 0.039040
0 0.427134 0.776848 0.011368 0.036538
0 0.33512200000000003 0.697637 0.007142 0.015030
0 0.337376 0.674128 0.006015 0.015030
0 0.26818600000000004 0.786924 0.013059 0.031536
0 0.269876 0.760663 0.015876 0.039040
0 0.219441 0.874710 0.010805 0.031036
0 0.21296099999999996 0.891967 0.010241 0.026534
0 0.22394899999999995 0.887715 0.010241 0.030036
0 0.29608 0.418002 0.018694 0.041541
