0 0.736693 0.685348 0.009477 0.016657
0 0.7345269999999999 0.695155 0.009477 0.020118
0 0.657416 0.741880 0.012943 0.024733
0 0.559294 0.667177 0.013376 0.020695
0 0.658065 0.704673 0.014242 0.024156
0 0.666946 0.692847 0.013809 0.024733
0 0.6734439999999999 0.708422 0.014676 0.023579
0 0.667813 0.725728 0.014676 0.023579
0 0.6795089999999999 0.738995 0.015542 0.029347
0 0.686007 0.719382 0.014676 0.020118
0 0.6691119999999999 0.737553 0.011210 0.020695
0 0.596983 0.668502 0.017708 0.024733
0 0.601748 0.656388 0.012510 0.018964
0 0.591784 0.638506 0.016842 0.027040
0 0.7094039999999999 0.625205 0.013376 0.020517
0 0.308852 0.586495 0.006711 0.009868
0 0.32118100000000005 0.568080 0.004712 0.012974
