0 0.621297 0.588518 0.014339 0.028067
0 0.623704 0.565219 0.016264 0.030181
0 0.612633 0.585409 0.019152 0.035949
0 0.572681 0.625789 0.016264 0.026976
0 0.545004 0.630596 0.016745 0.028899
0 0.5859179999999999 0.569385 0.015783 0.032103
0 0.576291 0.588614 0.016745 0.026976
0 0.577976 0.598869 0.018190 0.028258
0 0.569312 0.576436 0.015301 0.028258
0 0.559204 0.547273 0.018190 0.034026
0 0.548373 0.563296 0.021559 0.037872
0 0.555353 0.572590 0.019152 0.028258
0 0.536581 0.568104 0.016264 0.026976
0 0.538747 0.583166 0.017708 0.031463
0 0.5515019999999999 0.587011 0.018190 0.031463
0 0.559685 0.598228 0.017227 0.030822
0 0.538265 0.601433 0.016745 0.024412
0 0.547411 0.610086 0.015783 0.032744
0 0.40300800000000003 0.555605 0.013857 0.032744
0 0.51492 0.515226 0.019152 0.037872
0 0.45691800000000005 0.537979 0.015783 0.029540
0 0.45114200000000004 0.531249 0.010969 0.022489
0 0.460047 0.520674 0.012413 0.025694
0 0.45330800000000004 0.511380 0.014339 0.027617
0 0.447773 0.502407 0.012895 0.025053
0 0.44175600000000004 0.526763 0.017227 0.022489
0 0.31877200000000006 0.338063 0.023484 0.034026
0 0.316847 0.327487 0.023484 0.029540
0 0.29927800000000004 0.345114 0.022040 0.044281
0 0.06435000000000002 0.320437 0.021078 0.034667
0 0.37313300000000005 0.417606 0.016745 0.022489
0 0.520424 0.444015 0.021559 0.041718
0 0.473974 0.451066 0.023003 0.040436
0 0.462422 0.473819 0.020115 0.041077
0 0.15267699999999995 0.337487 0.015783 0.030181
0 0.14978899999999995 0.318900 0.018671 0.031463
0 0.162304 0.313452 0.017708 0.026976
