0 0.81761 0.653471 0.006578 0.015530
0 0.819935 0.665301 0.007508 0.017181
0 0.743071 0.896946 0.014327 0.030386
0 0.74493 0.887317 0.011847 0.024334
0 0.603291 0.475550 0.009988 0.026534
0 0.5961620000000001 0.470873 0.009988 0.031486
0 0.5901179999999999 0.464545 0.010918 0.030936
0 0.5530809999999999 0.416676 0.011227 0.032037
0 0.531076 0.429331 0.009988 0.025434
0 0.561759 0.498935 0.011227 0.028185
0 0.561449 0.510489 0.013087 0.029286
0 0.58175 0.506638 0.009058 0.028185
0 0.585469 0.520393 0.010298 0.030386
0 0.502535 0.425983 0.012467 0.027635
0 0.5380229999999999 0.659152 0.009058 0.030386
0 0.52671 0.769197 0.013707 0.030386
0 0.5352330000000001 0.675109 0.009678 0.028185
0 0.5122979999999999 0.706747 0.010298 0.027635
0 0.5167919999999999 0.625314 0.011847 0.030936
0 0.500831 0.573042 0.012777 0.027635
0 0.492772 0.590374 0.013397 0.034788
0 0.48533400000000004 0.597252 0.012157 0.030936
0 0.496491 0.618161 0.011537 0.027635
0 0.490448 0.627239 0.009368 0.027085
0 0.5056350000000001 0.638794 0.011227 0.027085
0 0.507959 0.659978 0.012157 0.029836
0 0.441013 0.486508 0.014637 0.038639
0 0.451396 0.514844 0.013707 0.031486
0 0.45279100000000005 0.542906 0.010918 0.027085
0 0.464568 0.550334 0.010918 0.027635
0 0.47758500000000004 0.525849 0.011537 0.028185
0 0.48146 0.546482 0.010608 0.032037
0 0.5011399999999999 0.737109 0.009058 0.025434
0 0.44969099999999995 0.792681 0.009678 0.029836
0 0.441168 0.797083 0.011227 0.033137
0 0.489208 0.725279 0.009368 0.027085
0 0.494167 0.731606 0.012467 0.033137
0 0.26819800000000005 0.770122 0.008128 0.019932
0 0.41315599999999997 0.306154 0.009201 0.016376
0 0.46667899999999995 0.295150 0.009439 0.014683
0 0.286798 0.660970 0.007294 0.017646
0 0.283818 0.670705 0.007055 0.018493
0 0.28143399999999996 0.690174 0.007532 0.018493
0 0.280122 0.714934 0.007771 0.022302
0 0.273566 0.736309 0.007532 0.019339
0 0.290613 0.725939 0.007771 0.018916
0 0.31004299999999996 0.780961 0.007532 0.017223
0 0.307063 0.794294 0.008724 0.019339
0 0.30050699999999997 0.800643 0.006102 0.015107
0 0.31409600000000004 0.791331 0.010393 0.020186
0 0.521907 0.299200 0.007771 0.020186
0 0.5320400000000001 0.329674 0.008486 0.020186
