0 0.669289 0.555837 0.018250 0.036991
0 0.622448 0.328481 0.014459 0.034106
0 0.60512 0.305407 0.017708 0.029780
0 0.616492 0.381840 0.019874 0.031222
0 0.449164 0.241232 0.019874 0.035549
0 0.6422140000000001 0.613595 0.021499 0.035549
0 0.6506069999999999 0.644241 0.017708 0.037712
0 0.7204619999999999 0.667315 0.013376 0.029059
0 0.7423930000000001 0.650730 0.010669 0.023290
0 0.602412 0.825949 0.017708 0.029059
0 0.5793980000000001 0.511131 0.017167 0.042759
0 0.59077 0.520865 0.020416 0.044922
0 0.583189 0.585040 0.021499 0.042038
0 0.5999760000000001 0.636956 0.020416 0.043480
0 0.619199 0.631909 0.019874 0.036270
0 0.665769 0.670846 0.020957 0.033385
0 0.677953 0.680220 0.017167 0.033385
0 0.68391 0.697886 0.016084 0.035549
0 0.660083 0.737184 0.019333 0.036270
0 0.6552100000000001 0.685628 0.018250 0.034106
0 0.5677559999999999 0.689234 0.013376 0.029780
0 0.526871 0.779822 0.017167 0.037712
0 0.510085 0.769367 0.013918 0.032664
0 0.494922 0.761435 0.016084 0.034106
0 0.491132 0.781985 0.019333 0.036270
0 0.491673 0.719613 0.018250 0.032664
0 0.48192599999999997 0.700144 0.018250 0.036991
0 0.467576 0.700505 0.014459 0.037712
0 0.44401999999999997 0.687526 0.015001 0.031943
0 0.43698000000000004 0.698342 0.019333 0.031943
0 0.46216100000000004 0.747374 0.020957 0.030501
0 0.477865 0.730069 0.020957 0.039154
0 0.549615 0.559750 0.026914 0.053575
0 0.550156 0.511800 0.018250 0.041317
0 0.539326 0.439333 0.019333 0.034827
0 0.531204 0.436088 0.019333 0.048528
0 0.540951 0.463849 0.024748 0.040596
0 0.529037 0.473583 0.020416 0.039875
0 0.527684 0.501705 0.024206 0.041317
0 0.509814 0.516847 0.022040 0.045643
0 0.46865900000000005 0.544608 0.018791 0.033385
0 0.495734 0.478631 0.020957 0.031222
0 0.48138400000000003 0.467454 0.021499 0.040596
0 0.706653 0.604964 0.013918 0.025454
