0 0.425274 0.285245 0.012588 0.016604
0 0.382150 0.288130 0.009044 0.011885
0 0.390420 0.305960 0.010619 0.012933
0 0.360095 0.326412 0.012982 0.017129
0 0.371516 0.316710 0.012195 0.020800
0 0.313624 0.345815 0.013770 0.020275
0 0.343358 0.356041 0.011013 0.015555
0 0.327014 0.342930 0.014558 0.021848
0 0.339616 0.367840 0.013770 0.018177
0 0.331346 0.380950 0.012195 0.016080
0 0.349265 0.392487 0.012588 0.017129
0 0.377030 0.356303 0.009832 0.015031
0 0.373682 0.363907 0.015739 0.022897
0 0.335678 0.453897 0.014558 0.022373
0 0.280148 0.474611 0.013770 0.020800
0 0.316577 0.516933 0.014951 0.024470
0 0.310079 0.536598 0.013770 0.027092
0 0.317365 0.536598 0.014164 0.031288
0 0.322485 0.545513 0.012588 0.029190
0 0.214970 0.585106 0.011801 0.018177
0 0.198232 0.586155 0.008256 0.016080
0 0.188584 0.578289 0.008650 0.017129
0 0.173815 0.591399 0.010619 0.018177
0 0.177163 0.586417 0.010225 0.020800
0 0.187402 0.596381 0.011801 0.018702
0 0.270500 0.822038 0.016527 0.026044
0 0.257110 0.747572 0.014951 0.027092
0 0.259866 0.768548 0.018890 0.033385
0 0.312639 0.692771 0.012588 0.030763
0 0.321894 0.694868 0.014558 0.039154
0 0.328786 0.695655 0.013376 0.036532
0 0.336072 0.701948 0.012195 0.037581
0 0.342176 0.695655 0.011013 0.029190
0 0.500495 0.684851 0.015739 0.031812
0 0.537908 0.627166 0.015739 0.026568
0 0.444965 0.625593 0.012588 0.026568
0 0.454023 0.616416 0.012588 0.027092
0 0.426652 0.616940 0.014558 0.029190
0 0.418776 0.603567 0.012982 0.029714
0 0.431181 0.602781 0.016527 0.030239
0 0.389829 0.619038 0.015739 0.027092
0 0.354779 0.607763 0.012588 0.021324
0 0.361277 0.615629 0.009832 0.019226
0 0.363443 0.603830 0.013376 0.026044
0 0.547754 0.631308 0.013376 0.028666
0 0.538499 0.646778 0.014558 0.023946
0 0.529441 0.618984 0.013770 0.027092
0 0.529835 0.634979 0.017708 0.024470
0 0.523730 0.643369 0.012588 0.022373
0 0.515854 0.641009 0.013376 0.022897
0 0.416019 0.499312 0.014558 0.027092
0 0.806749 0.691615 0.012195 0.022373
0 0.796115 0.703939 0.012195 0.019751
0 0.799266 0.600630 0.010619 0.019751
0 0.794934 0.606398 0.012195 0.021848
