0 0.78039 0.646542 0.012390 0.036851
0 0.7683800000000001 0.652732 0.013939 0.043729
0 0.633364 0.689528 0.015102 0.054046
0 0.657772 0.600116 0.019751 0.056797
0 0.628522 0.635193 0.018588 0.054046
0 0.6432439999999999 0.649637 0.017814 0.052670
0 0.594816 0.617999 0.014714 0.054046
0 0.607989 0.615935 0.017039 0.055421
0 0.562467 0.615935 0.019751 0.049919
0 0.552782 0.582922 0.020526 0.056797
0 0.48168999999999995 0.249107 0.016264 0.045792
0 0.508228 0.713890 0.018976 0.058860
0 0.517333 0.757564 0.020913 0.052670
0 0.517139 0.804333 0.025175 0.059548
0 0.521401 0.834595 0.026724 0.049919
0 0.49273199999999995 0.737618 0.021300 0.055421
0 0.49738099999999996 0.779573 0.019751 0.049919
0 0.46755 0.737274 0.024400 0.060236
0 0.454959 0.775102 0.021688 0.061611
0 0.422415 0.783699 0.016264 0.043041
0 0.428033 0.735211 0.016651 0.050607
0 0.41505400000000003 0.730052 0.021688 0.059548
0 0.407694 0.746903 0.016264 0.042353
0 0.39568400000000004 0.782324 0.020138 0.052670
0 0.388904 0.710795 0.016651 0.051295
0 0.385417 0.662306 0.018976 0.050607
0 0.40691900000000003 0.693600 0.024787 0.063675
0 0.518301 0.450283 0.021300 0.046480
0 0.35793299999999995 0.626489 0.004888 0.016030
0 0.35441100000000003 0.626489 0.004043 0.014029
0 0.352298 0.626739 0.007142 0.018531
0 0.32933500000000004 0.685513 0.007987 0.027035
0 0.33370200000000005 0.682261 0.007142 0.029536
0 0.332012 0.667505 0.012214 0.027035
0 0.32102299999999995 0.632741 0.015031 0.036538
0 0.281436 0.649498 0.009114 0.028035
0 0.275378 0.659002 0.009396 0.025034
0 0.27664599999999995 0.674508 0.009678 0.030036
0 0.282281 0.666255 0.009114 0.025534
0 0.322009 0.652249 0.012495 0.036538
0 0.234101 0.746788 0.009678 0.019532
0 0.23663599999999996 0.735783 0.009114 0.019532
0 0.23973599999999995 0.744037 0.011368 0.031036
