0 0.7460720000000001 0.778511 0.016428 0.032296
0 0.706602 0.787759 0.027705 0.043855
0 0.5769139999999999 0.831108 0.023368 0.040387
0 0.5660700000000001 0.850759 0.024235 0.038075
0 0.48843099999999995 0.852493 0.025103 0.036919
0 0.766024 0.679675 0.021633 0.042699
0 0.163126 0.709153 0.025103 0.041543
0 0.636336 0.479114 0.022500 0.032296
0 0.425539 0.723602 0.024235 0.035763
0 0.698795 0.755969 0.022500 0.035763
0 0.24079499999999998 0.639890 0.017708 0.029540
0 0.246811 0.621302 0.019152 0.035949
0 0.33874800000000005 0.716803 0.014339 0.028258
0 0.27713600000000005 0.712957 0.014339 0.020566
