0 0.075400 0.626576 0.008138 0.023255
0 0.091381 0.616111 0.008448 0.027661
0 0.086572 0.638142 0.007517 0.023255
0 0.086882 0.619691 0.008758 0.024907
0 0.093088 0.674492 0.008758 0.023255
0 0.103329 0.685232 0.010000 0.027110
0 0.141808 0.711393 0.010000 0.026560
0 0.134205 0.644200 0.009689 0.027661
0 0.130171 0.657418 0.011551 0.027661
0 0.113724 0.659621 0.009689 0.028763
0 0.116207 0.610603 0.012172 0.025458
0 0.098829 0.649708 0.007827 0.021052
0 0.095416 0.663752 0.008448 0.020501
0 0.108759 0.661274 0.008448 0.022154
0 0.303638 0.738105 0.011551 0.039227
0 0.271365 0.732322 0.013413 0.036473
0 0.264383 0.738656 0.011861 0.035923
0 0.296035 0.740308 0.014965 0.042532
0 0.285174 0.461373 0.018688 0.041430
0 0.301155 0.425849 0.013413 0.034270
0 0.213001 0.471841 0.009125 0.027060
0 0.164338 0.620547 0.010536 0.027060
0 0.174494 0.628809 0.012792 0.026560
0 0.707606 0.752365 0.009125 0.028062
0 0.700131 0.748360 0.009971 0.026059
0 0.664162 0.420179 0.013075 0.027060
0 0.699849 0.431945 0.010536 0.025558
0 0.697592 0.423684 0.011100 0.027060
0 0.712825 0.420930 0.011664 0.030565
0 0.714236 0.463739 0.013357 0.029063
0 0.703375 0.473253 0.011946 0.028062
0 0.687013 0.465742 0.010253 0.026059
0 0.765297 0.491278 0.009407 0.023055
0 0.770093 0.468246 0.009971 0.028062
0 0.751333 0.399150 0.013075 0.033069
0 0.727918 0.380124 0.011382 0.027060
0 0.763463 0.561465 0.010253 0.028062
0 0.774183 0.541688 0.011382 0.026560
0 0.773055 0.557710 0.011382 0.032568
0 0.762476 0.518656 0.012228 0.025558
