0 0.330711 0.555837 0.018250 0.036991
0 0.377552 0.328481 0.014459 0.034106
0 0.394880 0.305407 0.017708 0.029780
0 0.383508 0.381840 0.019874 0.031222
0 0.550836 0.241232 0.019874 0.035549
0 0.357786 0.613595 0.021499 0.035549
0 0.349393 0.644241 0.017708 0.037712
0 0.279538 0.667315 0.013376 0.029059
0 0.257607 0.650730 0.010669 0.023290
0 0.397588 0.825949 0.017708 0.029059
0 0.420602 0.511131 0.017167 0.042759
0 0.409230 0.520865 0.020416 0.044922
0 0.416811 0.585040 0.021499 0.042038
0 0.400024 0.636956 0.020416 0.043480
0 0.380801 0.631909 0.019874 0.036270
0 0.334231 0.670846 0.020957 0.033385
0 0.322047 0.680220 0.017167 0.033385
0 0.316090 0.697886 0.016084 0.035549
0 0.339917 0.737184 0.019333 0.036270
0 0.344790 0.685628 0.018250 0.034106
0 0.432244 0.689234 0.013376 0.029780
0 0.473129 0.779822 0.017167 0.037712
0 0.489915 0.769367 0.013918 0.032664
0 0.505078 0.761435 0.016084 0.034106
0 0.508868 0.781985 0.019333 0.036270
0 0.508327 0.719613 0.018250 0.032664
0 0.518074 0.700144 0.018250 0.036991
0 0.532424 0.700505 0.014459 0.037712
0 0.555980 0.687526 0.015001 0.031943
0 0.563020 0.698342 0.019333 0.031943
0 0.537839 0.747374 0.020957 0.030501
0 0.522135 0.730069 0.020957 0.039154
0 0.450385 0.559750 0.026914 0.053575
0 0.449844 0.511800 0.018250 0.041317
0 0.460674 0.439333 0.019333 0.034827
0 0.468796 0.436088 0.019333 0.048528
0 0.459049 0.463849 0.024748 0.040596
0 0.470963 0.473583 0.020416 0.039875
0 0.472316 0.501705 0.024206 0.041317
0 0.490186 0.516847 0.022040 0.045643
0 0.531341 0.544608 0.018791 0.033385
0 0.504266 0.478631 0.020957 0.031222
0 0.518616 0.467454 0.021499 0.040596
0 0.293347 0.604964 0.013918 0.025454
