0 0.251596 0.684905 0.012588 0.025519
0 0.258882 0.700637 0.012982 0.024470
0 0.224422 0.755962 0.017314 0.020800
0 0.229935 0.765139 0.014164 0.027617
0 0.237418 0.771170 0.011801 0.023946
0 0.335481 0.778774 0.014164 0.031812
0 0.370335 0.731839 0.015345 0.028141
0 0.377227 0.771694 0.014951 0.022897
0 0.390814 0.802110 0.014558 0.022897
0 0.420942 0.777463 0.017314 0.031288
0 0.389042 0.790573 0.014951 0.026044
0 0.481591 0.693295 0.014951 0.037056
0 0.428424 0.634561 0.015739 0.029714
0 0.298068 0.703205 0.014164 0.027617
0 0.295114 0.676985 0.012195 0.022373
0 0.292948 0.661253 0.012588 0.020275
0 0.551889 0.336167 0.012982 0.027092
0 0.522943 0.366058 0.011801 0.026044
0 0.531804 0.367631 0.014558 0.029190
0 0.587530 0.367369 0.013376 0.027617
0 0.608797 0.357405 0.014164 0.032861
0 0.587924 0.392803 0.014951 0.029190
0 0.588318 0.444982 0.018890 0.028666
0 0.625141 0.427938 0.014558 0.026044
0 0.522352 0.425108 0.012982 0.022373
0 0.505417 0.383941 0.014558 0.028141
0 0.450282 0.612167 0.021646 0.038629
0 0.491634 0.590928 0.015345 0.032861
0 0.589303 0.625801 0.019283 0.039678
0 0.610372 0.638387 0.017314 0.043874
0 0.572565 0.683487 0.019677 0.035483
0 0.597573 0.694237 0.016133 0.031812
0 0.603480 0.733568 0.012195 0.021324
0 0.567248 0.721244 0.016133 0.033385
0 0.529441 0.668803 0.013770 0.034434
0 0.481788 0.768810 0.018496 0.038105
0 0.479622 0.825971 0.020465 0.033910
0 0.490452 0.808928 0.013770 0.033385
0 0.517429 0.835410 0.017314 0.031812
0 0.566461 0.802897 0.016133 0.029714
0 0.617461 0.864253 0.018102 0.028666
0 0.418382 0.656480 0.019283 0.029714
0 0.666349 0.513000 0.016527 0.028141
0 0.627754 0.505134 0.017314 0.029190
0 0.631299 0.527683 0.018890 0.029190
0 0.689585 0.541318 0.016527 0.032337
0 0.695296 0.556526 0.013770 0.033385
0 0.689585 0.574094 0.014951 0.037056
0 0.703172 0.569898 0.015345 0.036007
0 0.723651 0.569112 0.015345 0.034434
0 0.742358 0.575929 0.013376 0.030239
0 0.743342 0.590350 0.016133 0.024470
0 0.766775 0.574618 0.017314 0.032861
0 0.770320 0.600052 0.021253 0.044922
