0 0.397937 0.684722 0.024210 0.042654
0 0.387105 0.580796 0.026810 0.051892
0 0.392738 0.617170 0.034609 0.057666
0 0.417868 0.614283 0.025943 0.049583
0 0.437668 0.574193 0.018671 0.040436
0 0.458847 0.493754 0.019634 0.044922
0 0.469436 0.507214 0.022522 0.041077
0 0.480507 0.517148 0.020596 0.035308
0 0.489412 0.512982 0.024928 0.037231
0 0.502890 0.526763 0.020115 0.034026
0 0.482673 0.540863 0.019152 0.028899
0 0.470399 0.529006 0.022522 0.037231
0 0.470880 0.566181 0.017708 0.037231
0 0.478100 0.573872 0.011932 0.035949
0 0.458125 0.573872 0.021078 0.044922
0 0.482433 0.309606 0.014820 0.033385
0 0.469436 0.305440 0.016745 0.031463
0 0.474009 0.279482 0.020115 0.035949
0 0.498317 0.225642 0.014820 0.024412
0 0.541157 0.371523 0.015783 0.027617
0 0.528401 0.400045 0.015301 0.020566
0 0.537546 0.414787 0.017227 0.028258
0 0.575091 0.406775 0.017227 0.030181
0 0.618653 0.396199 0.014820 0.032103
0 0.623948 0.408377 0.014820 0.034667
0 0.629724 0.390431 0.020596 0.038513
0 0.646330 0.425683 0.018190 0.038513
0 0.657160 0.417992 0.018671 0.034667
0 0.361615 0.509967 0.018671 0.037872
0 0.410953 0.451000 0.016264 0.034026
0 0.502649 0.136486 0.010969 0.020566
0 0.519496 0.104759 0.013857 0.017362
0 0.533696 0.092901 0.012413 0.029540
0 0.552227 0.077518 0.015783 0.026976
0 0.557282 0.145779 0.015301 0.027617
0 0.546211 0.132640 0.016264 0.021848
0 0.542119 0.140652 0.015783 0.023771
0 0.731560 0.500222 0.018190 0.035308
0 0.767901 0.417540 0.017708 0.036590
0 0.780416 0.426514 0.022522 0.037872
0 0.780175 0.452472 0.017227 0.035949
0 0.768382 0.441896 0.018671 0.036590
0 0.795578 0.444781 0.017227 0.033385
0 0.425184 0.222372 0.019634 0.024412
0 0.500996 0.085210 0.010488 0.016721
0 0.467302 0.130076 0.011451 0.016721
0 0.488962 0.168212 0.010488 0.018644
