0 0.34469700000000003 0.657008 0.041541 0.072677
0 0.361162 0.681835 0.041541 0.062285
0 0.369827 0.733798 0.041541 0.071523
0 0.5756330000000001 0.846962 0.026810 0.069213
0 0.552236 0.846385 0.028543 0.058820
0 0.52624 0.840034 0.035475 0.073832
0 0.513675 0.778255 0.036342 0.070368
0 0.5344720000000001 0.786339 0.031142 0.061130
0 0.554836 0.777101 0.037208 0.063439
0 0.578233 0.764399 0.032009 0.065749
0 0.59773 0.752274 0.025943 0.055356
0 0.496344 0.469941 0.041541 0.084225
0 0.868467 0.660720 0.014820 0.025053
0 0.857878 0.676103 0.013857 0.028899
0 0.301172 0.653415 0.012413 0.024412
0 0.291304 0.659183 0.012895 0.032103
0 0.29298900000000005 0.642839 0.012413 0.027617
0 0.28167699999999996 0.646044 0.013857 0.025053
0 0.27806699999999995 0.631623 0.013376 0.023130
0 0.13631099999999996 0.680655 0.012895 0.026335
0 0.10189499999999996 0.571694 0.016264 0.023771
0 0.806615 0.550798 0.012413 0.023130
0 0.810947 0.554964 0.013376 0.026335
