0 0.46970900000000004 0.701188 0.024278 0.047527
0 0.825076 0.429447 0.021174 0.048630
0 0.823834 0.466377 0.021174 0.045322
0 0.838732 0.496142 0.026140 0.060756
0 0.872871 0.572207 0.022416 0.051937
0 0.884976 0.630634 0.024278 0.051937
0 0.887459 0.550710 0.021795 0.053039
0 0.5102610000000001 0.547577 0.017445 0.030670
0 0.602696 0.315754 0.015413 0.047254
0 0.589491 0.313952 0.017445 0.037881
0 0.59782 0.335944 0.017851 0.035717
0 0.578724 0.399758 0.015413 0.026344
0 0.53342 0.426438 0.016632 0.029228
0 0.501931 0.517652 0.013788 0.044370
0 0.513308 0.508279 0.016226 0.041486
0 0.21665100000000004 0.459152 0.021102 0.044370
0 0.23249699999999995 0.431751 0.020289 0.047254
0 0.13457600000000003 0.753227 0.020289 0.036438
0 0.15062600000000004 0.760798 0.017445 0.047254
0 0.143718 0.755390 0.019883 0.036438
0 0.138436 0.778104 0.027196 0.051581
0 0.33366799999999996 0.730153 0.011350 0.017691
0 0.334684 0.740969 0.008506 0.020575
0 0.343217 0.731595 0.010131 0.019133
0 0.343217 0.740248 0.008506 0.020575
0 0.34768600000000005 0.733037 0.009319 0.024901
