0 0.756974 0.778863 0.020172 0.060069
0 0.7440990000000001 0.774287 0.024464 0.055492
0 0.7355149999999999 0.810614 0.025322 0.057208
0 0.7522530000000001 0.838932 0.029614 0.072654
0 0.715129 0.696197 0.028326 0.051487
0 0.70676 0.731953 0.026180 0.069222
0 0.689592 0.751975 0.023605 0.066934
0 0.325858 0.247685 0.013734 0.030892
0 0.14262699999999995 0.803920 0.009810 0.019124
0 0.15044500000000005 0.812501 0.008277 0.019124
0 0.13496300000000006 0.805555 0.009810 0.019124
0 0.13833499999999999 0.821287 0.009197 0.018715
0 0.13465700000000003 0.819080 0.007971 0.019206
0 0.14523299999999995 0.822758 0.008890 0.023292
0 0.11350400000000005 0.860311 0.011649 0.024845
0 0.11396399999999995 0.876043 0.011956 0.019533
0 0.10813899999999999 0.882622 0.007664 0.028604
0 0.10461399999999998 0.879108 0.008584 0.024845
