0 0.500845 0.645131 0.018537 0.030347
0 0.509814 0.664646 0.016145 0.026365
0 0.409208 0.669624 0.017042 0.030746
0 0.390223 0.637166 0.015547 0.027161
0 0.31801999999999997 0.573444 0.016444 0.026365
0 0.264054 0.579020 0.014949 0.026365
0 0.27347200000000005 0.560501 0.012258 0.023577
0 0.288272 0.502355 0.012557 0.027559
0 0.27765799999999996 0.498771 0.014052 0.025170
0 0.273323 0.507134 0.014351 0.027559
0 0.404332 0.433560 0.012354 0.028013
0 0.28374 0.449642 0.019935 0.033249
0 0.26029599999999997 0.474327 0.014600 0.024273
0 0.27391299999999996 0.524462 0.014881 0.036279
0 0.287671 0.540152 0.009827 0.020533
0 0.10227200000000003 0.552120 0.009546 0.017541
