0 0.853809 0.788116 0.007153 0.019260
0 0.854703 0.803515 0.005365 0.016686
0 0.851127 0.809951 0.006795 0.020023
0 0.850769 0.792169 0.006795 0.019737
0 0.84916 0.820439 0.007153 0.022883
0 0.843974 0.807806 0.007511 0.020500
0 0.6723 0.734007 0.008941 0.021644
0 0.667114 0.727809 0.007153 0.017830
0 0.665862 0.747022 0.009657 0.024790
0 0.34933800000000004 0.826494 0.019671 0.045481
0 0.333959 0.843895 0.017525 0.048818
0 0.331098 0.819581 0.022532 0.043097
0 0.351842 0.854049 0.018956 0.048150
0 0.45448900000000003 0.986974 0.018956 0.026052
0 0.17247900000000005 0.799796 0.012160 0.026411
0 0.16693499999999994 0.815910 0.013233 0.033848
0 0.15155600000000002 0.802180 0.011087 0.026411
0 0.15441700000000003 0.820678 0.013233 0.033848
0 0.13671299999999997 0.814814 0.011445 0.029748
