0 0.75004 0.164927 0.022323 0.037584
0 0.6931350000000001 0.160296 0.019761 0.037097
0 0.6880109999999999 0.183938 0.019761 0.036609
0 0.66825 0.197831 0.021957 0.030272
0 0.769436 0.302882 0.015004 0.026860
0 0.875928 0.520538 0.017932 0.033197
0 0.860375 0.529312 0.013906 0.031247
0 0.863302 0.559536 0.019029 0.031247
0 0.943446 0.609745 0.012442 0.032222
0 0.928259 0.613401 0.014272 0.027835
0 0.9138040000000001 0.623882 0.014638 0.027347
0 0.923502 0.629244 0.015004 0.027347
0 0.938689 0.645087 0.014638 0.026860
0 0.892945 0.629975 0.013906 0.021985
0 0.872634 0.652643 0.013540 0.024422
0 0.880868 0.666292 0.017566 0.028322
0 0.898617 0.669704 0.013540 0.022472
0 0.905936 0.681160 0.014272 0.022960
0 0.8797699999999999 0.692372 0.016102 0.026860
0 0.864217 0.696759 0.013540 0.027835
0 0.88654 0.738438 0.011345 0.020523
0 0.84903 0.707240 0.015370 0.028322
0 0.82872 0.736488 0.014272 0.022472
0 0.827988 0.760618 0.015004 0.028810
0 0.839516 0.649474 0.013906 0.028810
0 0.814082 0.652886 0.015736 0.027835
0 0.8102389999999999 0.671898 0.014638 0.024910
0 0.526627 0.918844 0.027080 0.052160
0 0.540899 0.935443 0.021225 0.043434
0 0.491861 0.954454 0.023421 0.049283
0 0.43806599999999996 0.913994 0.027080 0.042459
0 0.20023100000000005 0.256328 0.028544 0.056595
0 0.10453500000000004 0.218061 0.032570 0.054158
0 0.12996799999999997 0.263884 0.026349 0.042459
0 0.11221999999999999 0.266784 0.029642 0.059959
0 0.126309 0.320674 0.027812 0.052696
