0 0.691234 0.605421 0.010149 0.020490
0 0.683305 0.605210 0.010149 0.021757
0 0.671253 0.447204 0.012686 0.032742
0 0.688221 0.439494 0.013638 0.036755
0 0.67934 0.447838 0.013638 0.034009
0 0.645246 0.456287 0.011418 0.031474
0 0.65143 0.494944 0.012369 0.027672
0 0.6211420000000001 0.428826 0.012686 0.028095
0 0.6274850000000001 0.450795 0.012052 0.034009
0 0.603064 0.449739 0.014589 0.031897
0 0.610993 0.455336 0.013321 0.034643
0 0.690917 0.312434 0.012686 0.030207
0 0.700431 0.307787 0.012686 0.034432
0 0.43623900000000004 0.271876 0.016492 0.042036
0 0.44527799999999995 0.298281 0.014906 0.031474
0 0.428944 0.318771 0.017761 0.032742
0 0.439886 0.363342 0.016809 0.038234
0 0.42846799999999996 0.345598 0.014906 0.036544
0 0.45162100000000005 0.327009 0.016809 0.034009
0 0.43845900000000004 0.340106 0.015858 0.039079
0 0.580387 0.445303 0.013638 0.034854
0 0.5730919999999999 0.430938 0.012369 0.028095
0 0.550574 0.528319 0.015541 0.038657
0 0.548671 0.501069 0.013638 0.033164
0 0.5324960000000001 0.532121 0.015541 0.032742
0 0.521713 0.532121 0.012369 0.036122
0 0.534875 0.479523 0.013321 0.031474
0 0.5231399999999999 0.828699 0.017127 0.039501
0 0.46081799999999995 0.839472 0.021250 0.052598
0 0.41958799999999996 0.969672 0.022518 0.043304
0 0.39516700000000005 0.975466 0.018078 0.043064
0 0.35441199999999995 0.934817 0.018395 0.050486
0 0.27861100000000005 0.910736 0.019664 0.044571
0 0.35948599999999997 0.870390 0.019029 0.052598
0 0.09075200000000005 0.627044 0.007295 0.016265
0 0.06617300000000004 0.594936 0.007612 0.014575
0 0.08282299999999998 0.600639 0.006660 0.014998
0 0.09106899999999996 0.609828 0.006026 0.019011
