0 0.71514 0.176007 0.018732 0.036122
0 0.700125 0.177789 0.016056 0.028596
0 0.751861 0.311067 0.032707 0.056717
0 0.6608769999999999 0.310473 0.031518 0.049984
0 0.633224 0.332257 0.039248 0.060282
0 0.6335219999999999 0.370042 0.037464 0.062183
0 0.77877 0.529500 0.015164 0.031765
0 0.680947 0.603367 0.028842 0.056717
0 0.705477 0.624161 0.033302 0.060282
0 0.725398 0.663570 0.024382 0.046420
0 0.677825 0.653034 0.029734 0.068916
0 0.65493 0.638221 0.032707 0.054341
0 0.628764 0.658421 0.029734 0.055925
0 0.64036 0.698028 0.027355 0.066223
0 0.7478469999999999 0.686542 0.025868 0.048004
0 0.742793 0.704128 0.020516 0.045944
0 0.69849 0.715059 0.023490 0.050380
0 0.658944 0.751498 0.019922 0.035330
0 0.753497 0.877394 0.016948 0.040478
0 0.734765 0.903337 0.022895 0.026616
0 0.751564 0.913041 0.017245 0.039686
0 0.759295 0.985299 0.014867 0.023398
0 0.552944 0.500893 0.019624 0.035330
0 0.5310900000000001 0.502675 0.022895 0.039686
0 0.5220210000000001 0.391181 0.013677 0.027408
0 0.36577099999999996 0.363348 0.041924 0.095532
0 0.327117 0.355427 0.042519 0.095532
0 0.422265 0.549699 0.011596 0.021467
0 0.136579 0.858383 0.065117 0.150586
0 0.08097699999999997 0.912645 0.064522 0.133951
0 0.06061000000000005 0.940741 0.082065 0.112514
0 0.029263999999999957 0.920145 0.058528 0.153706
0 0.030602000000000018 0.807884 0.061204 0.140684
