0 0.921212 0.076691 0.018470 0.034258
0 0.917295 0.099617 0.013992 0.033139
0 0.92513 0.108749 0.012873 0.026802
0 0.932126 0.119933 0.016791 0.041713
0 0.789125 0.337818 0.025746 0.042086
0 0.814171 0.504448 0.026585 0.055506
0 0.801858 0.633613 0.026026 0.050660
0 0.94402 0.651134 0.013712 0.022329
0 0.970185 0.685615 0.013992 0.029412
0 0.96123 0.697917 0.015112 0.031648
0 0.96123 0.725875 0.013433 0.023447
0 0.92541 0.676296 0.015671 0.035376
0 0.7478480000000001 0.524815 0.020988 0.052524
0 0.535725 0.015575 0.019869 0.024603
0 0.54524 0.164665 0.012033 0.020092
0 0.534606 0.163174 0.013153 0.024566
0 0.513058 0.200452 0.017071 0.030530
0 0.506201 0.321043 0.012313 0.018229
0 0.511938 0.306319 0.009795 0.012637
0 0.513477 0.321230 0.008955 0.019347
0 0.24720399999999998 0.229901 0.014272 0.020092
0 0.24888299999999997 0.281530 0.015392 0.028666
0 0.300515 0.102972 0.016791 0.020465
0 0.21404299999999998 0.143231 0.013433 0.023447
0 0.196832 0.134657 0.011474 0.021956
0 0.20704699999999998 0.166716 0.009515 0.021211
0 0.19011599999999995 0.173426 0.012033 0.018974
0 0.19669199999999998 0.177358 0.013433 0.028331
0 0.199071 0.167089 0.010914 0.023447
0 0.309941 0.317316 0.007556 0.012264
0 0.18163200000000002 0.415914 0.016231 0.025311
0 0.171277 0.442567 0.015671 0.030157
0 0.174076 0.485455 0.012873 0.030940
0 0.196044 0.453378 0.010354 0.015992
0 0.23242300000000005 0.591882 0.014272 0.029822
