0 0.797405 0.561041 0.017972 0.028728
0 0.819474 0.648705 0.017708 0.042107
0 0.856343 0.678806 0.017972 0.041755
0 0.798726 0.674053 0.012686 0.026616
0 0.7557780000000001 0.705739 0.019294 0.039994
0 0.497294 0.435147 0.025637 0.054429
0 0.5167200000000001 0.365966 0.017972 0.047740
0 0.34611499999999995 0.525627 0.015594 0.026968
0 0.383645 0.618923 0.012951 0.026968
0 0.436901 0.609946 0.014801 0.028728
0 0.46557800000000005 0.630189 0.020351 0.032601
0 0.45011599999999996 0.633710 0.017444 0.030489
0 0.46148100000000003 0.679021 0.018501 0.040839
0 0.45751699999999995 0.818191 0.012158 0.021335
0 0.44985200000000003 0.824704 0.011101 0.026616
