0 0.905035 0.403718 0.014272 0.034537
0 0.8866 0.463129 0.013083 0.036122
0 0.886798 0.564259 0.007929 0.021863
0 0.886402 0.586439 0.007136 0.017638
0 0.900872 0.859920 0.013876 0.042459
0 0.913757 0.858600 0.011101 0.035594
0 0.928624 0.887117 0.013876 0.030313
0 0.919307 0.900214 0.011101 0.036439
0 0.9242630000000001 0.916849 0.014669 0.034854
0 0.81524 0.643929 0.009118 0.023447
0 0.855677 0.628087 0.008325 0.019223
0 0.580741 0.233408 0.019029 0.028728
0 0.31432800000000005 0.585119 0.009515 0.021335
0 0.21442300000000003 0.713182 0.011101 0.029256
0 0.20768299999999995 0.709749 0.009515 0.027672
0 0.216009 0.688890 0.012686 0.025032
0 0.29708199999999996 0.598585 0.007533 0.017638
0 0.291532 0.609570 0.006740 0.021652
0 0.28479200000000005 0.611946 0.007533 0.023236
