0 0.851023 0.083393 0.009574 0.014566
0 0.858452 0.089114 0.010565 0.024247
0 0.801007 0.151163 0.010565 0.018967
0 0.7934140000000001 0.145222 0.011885 0.020287
0 0.80893 0.152923 0.009244 0.018087
0 0.8015019999999999 0.164123 0.011555 0.022883
0 0.803318 0.053909 0.010565 0.023367
0 0.766012 0.105617 0.009904 0.014126
0 0.848878 0.199130 0.011885 0.025128
0 0.856306 0.211232 0.012876 0.022927
0 0.6963520000000001 0.283182 0.015187 0.019847
0 0.684302 0.308926 0.014196 0.021167
0 0.6918949999999999 0.323888 0.014196 0.022927
0 0.713849 0.332909 0.012545 0.018087
0 0.7259 0.309806 0.014196 0.024688
0 0.747359 0.436544 0.013536 0.023807
0 0.92547 0.304305 0.009244 0.019847
0 0.918042 0.340390 0.007593 0.013686
0 0.94726 0.363494 0.007923 0.013246
0 0.824612 0.310026 0.008254 0.014566
0 0.5712280000000001 0.151383 0.011885 0.020287
0 0.936035 0.319047 0.008584 0.016766
0 0.532106 0.554041 0.016177 0.028208
0 0.6750579999999999 0.797836 0.013536 0.024688
0 0.559178 0.805977 0.015517 0.026008
0 0.45633900000000005 0.857905 0.021129 0.048891
0 0.35135400000000006 0.829081 0.017167 0.031729
0 0.356471 0.842481 0.018158 0.031244
0 0.34458599999999995 0.856805 0.015517 0.029968
0 0.427616 0.179107 0.009244 0.013246
0 0.13246899999999995 0.405520 0.014526 0.022487
0 0.148316 0.502114 0.009904 0.017647
0 0.14782099999999998 0.526977 0.009574 0.017206
0 0.23233700000000002 0.618510 0.010895 0.018087
