0 0.813599 0.073638 0.017670 0.028879
0 0.796779 0.042677 0.015292 0.031233
0 0.781997 0.039236 0.019709 0.035216
0 0.853018 0.169827 0.013592 0.021184
0 0.861173 0.189743 0.014952 0.025711
0 0.846901 0.206718 0.013592 0.024353
0 0.86593 0.465409 0.017670 0.032953
0 0.862532 0.482157 0.014952 0.026616
0 0.851828 0.501395 0.016651 0.026163
0 0.888018 0.539418 0.017670 0.034311
0 0.8747659999999999 0.553676 0.017670 0.037480
0 0.878673 0.587625 0.017330 0.025711
0 0.964986 0.620669 0.014612 0.033858
0 0.958359 0.590839 0.016311 0.041191
0 0.946296 0.613879 0.015292 0.038385
0 0.968646 0.604910 0.015392 0.029785
0 0.5922540000000001 0.355152 0.027705 0.047678
0 0.584838 0.362794 0.027985 0.048050
0 0.6374489999999999 0.409950 0.024626 0.052896
0 0.674668 0.417219 0.021828 0.036122
0 0.6619349999999999 0.467357 0.024906 0.047678
0 0.7002740000000001 0.489910 0.019309 0.036867
0 0.48241500000000004 0.431826 0.026305 0.055916
0 0.45289100000000004 0.136335 0.024906 0.040968
0 0.451352 0.236983 0.009515 0.014128
0 0.189137 0.257858 0.013433 0.022329
0 0.17794299999999996 0.216481 0.011194 0.018601
0 0.148559 0.177153 0.007836 0.014501
0 0.21824100000000002 0.094770 0.011194 0.018229
0 0.16563000000000005 0.146027 0.011194 0.016365
