0 0.920518 0.759771 0.005282 0.007525
0 0.919198 0.769452 0.005943 0.011926
0 0.919198 0.785272 0.005282 0.017162
0 0.915071 0.792533 0.006273 0.017603
0 0.91309 0.801555 0.006933 0.018043
0 0.913255 0.774513 0.010565 0.020287
0 0.909954 0.791653 0.007923 0.017603
0 0.725074 0.943277 0.016507 0.040090
0 0.712859 0.969901 0.022450 0.041410
0 0.721938 0.981199 0.026741 0.037602
0 0.644685 0.803997 0.018818 0.040530
0 0.638247 0.829939 0.019148 0.044006
0 0.6265270000000001 0.822260 0.024100 0.042730
0 0.612166 0.801137 0.015187 0.033049
0 0.336002 0.812578 0.014196 0.032169
0 0.36274300000000004 0.800477 0.015517 0.029968
0 0.37132699999999996 0.810356 0.012876 0.035645
0 0.35779099999999997 0.812776 0.012215 0.039606
