0 0.939206 0.162012 0.007666 0.017495
0 0.891827 0.219851 0.012266 0.017086
0 0.885388 0.208202 0.010426 0.020765
0 0.892441 0.123180 0.008586 0.017495
0 0.935219 0.269311 0.011346 0.017904
0 0.942425 0.280960 0.009813 0.019130
0 0.976311 0.366595 0.008893 0.017086
0 0.853342 0.467762 0.011346 0.019947
0 0.834176 0.483908 0.012266 0.024444
0 0.827276 0.359033 0.013186 0.021582
0 0.821603 0.380493 0.010426 0.019539
0 0.801057 0.370478 0.014106 0.024852
0 0.794924 0.356172 0.012266 0.022400
0 0.807804 0.331646 0.011040 0.019130
0 0.681155 0.585484 0.012880 0.020765
0 0.672875 0.914533 0.015946 0.029757
0 0.713354 0.168348 0.010426 0.019539
0 0.687288 0.183881 0.010426 0.018721
0 0.537487 0.914166 0.018706 0.038014
0 0.532581 0.172231 0.008280 0.014225
0 0.5873189999999999 0.290362 0.011653 0.019947
0 0.502375 0.184698 0.007360 0.014633
0 0.319148 0.639236 0.011960 0.021991
0 0.37404000000000004 0.612462 0.013186 0.025670
0 0.364993 0.615528 0.011040 0.023626
0 0.19127300000000003 0.500463 0.011346 0.017495
0 0.18789999999999996 0.524375 0.010120 0.017086
0 0.18115400000000004 0.389076 0.013186 0.022809
0 0.28894299999999995 0.535616 0.011653 0.022400
0 0.24907800000000002 0.410945 0.010426 0.019947
0 0.20077900000000004 0.441397 0.009506 0.020356
0 0.17793400000000004 0.408942 0.009200 0.016759
