0 0.770233 0.640786 0.010677 0.021401
0 0.762553 0.645505 0.014221 0.028743
0 0.613293 0.680116 0.013434 0.025596
0 0.601872 0.679592 0.013434 0.029791
0 0.5880879999999999 0.682739 0.012646 0.028743
0 0.617428 0.620596 0.014615 0.024023
0 0.594192 0.648390 0.013828 0.026121
0 0.581196 0.641572 0.013040 0.025072
0 0.49238800000000005 0.593064 0.018947 0.028743
0 0.49494800000000005 0.606699 0.020129 0.031889
0 0.49987000000000004 0.634231 0.021310 0.033462
0 0.575091 0.485924 0.013434 0.020352
0 0.5835589999999999 0.490644 0.013828 0.020352
0 0.331075 0.652847 0.011465 0.019303
0 0.325758 0.645505 0.014221 0.028743
0 0.332453 0.635279 0.012646 0.019828
0 0.325364 0.626889 0.013434 0.020876
0 0.13060400000000005 0.685143 0.012252 0.017730
0 0.13788999999999996 0.673081 0.011071 0.020876
0 0.13060400000000005 0.673081 0.012252 0.021925
