0 0.269122 0.606087 0.009824 0.020483
0 0.274537 0.610894 0.011268 0.020483
0 0.402695 0.624113 0.009824 0.020002
0 0.410817 0.624834 0.010907 0.020483
0 0.421828 0.625555 0.009824 0.021925
0 0.484282 0.591665 0.011268 0.018560
0 0.489517 0.561621 0.012351 0.024810
0 0.487171 0.571956 0.012712 0.020483
0 0.012162 0.526027 0.007063 0.014121
0 0.015092 0.517883 0.007318 0.012764
0 0.026942 0.520089 0.006553 0.010388
0 0.013691 0.544181 0.007063 0.009031
0 0.013308 0.538412 0.006808 0.010388
0 0.037900 0.550967 0.008082 0.011746
0 0.039556 0.526705 0.007318 0.016157
0 0.044652 0.513641 0.007318 0.014460
0 0.047838 0.531626 0.007063 0.012424
0 0.025413 0.429897 0.007573 0.012424
0 0.024139 0.418021 0.007573 0.011746
0 0.416218 0.600172 0.009357 0.018193
0 0.425137 0.599154 0.011905 0.020229
0 0.399654 0.582358 0.007828 0.018532
0 0.425010 0.487991 0.008592 0.015139
0 0.437624 0.586565 0.012924 0.021586
0 0.430616 0.593012 0.009102 0.019550
0 0.616542 0.609843 0.007318 0.013782
0 0.622148 0.604414 0.010376 0.017853
0 0.615395 0.598984 0.006553 0.010388
0 0.620364 0.596440 0.008337 0.014799
0 0.620619 0.589144 0.011905 0.017853
0 0.782471 0.640621 0.007318 0.013442
0 0.783236 0.627218 0.007318 0.015139
0 0.778521 0.629253 0.009611 0.016496
0 0.760811 0.553141 0.010885 0.019889
