0 0.663354 0.562055 0.007176 0.012632
0 0.663835 0.538821 0.008139 0.013593
0 0.661428 0.547474 0.009583 0.012952
0 0.6873009999999999 0.584649 0.007417 0.011670
0 0.693799 0.583207 0.008861 0.013273
0 0.76937 0.539302 0.004529 0.006863
0 0.766482 0.530008 0.004529 0.010709
0 0.770694 0.519753 0.004770 0.010068
0 0.7868189999999999 0.524400 0.005251 0.007184
0 0.7935570000000001 0.524079 0.004770 0.007824
0 0.7956030000000001 0.528566 0.004048 0.006543
0 0.7940389999999999 0.541705 0.005251 0.007184
0 0.792956 0.536738 0.005010 0.008786
0 0.788864 0.540424 0.004529 0.005902
0 0.782486 0.537700 0.004770 0.007504
0 0.785976 0.457101 0.005492 0.005902
0 0.781764 0.462869 0.004288 0.007824
0 0.685135 0.571892 0.007417 0.011991
