0 0.349807 0.621278 0.011629 0.016157
0 0.317497 0.634978 0.008380 0.015676
0 0.330313 0.706364 0.008741 0.016157
0 0.348543 0.711171 0.008380 0.015195
0 0.366413 0.414715 0.008019 0.011830
0 0.404319 0.470958 0.010185 0.015676
0 0.415330 0.476727 0.008380 0.012792
0 0.405583 0.673244 0.011268 0.017118
0 0.409012 0.660986 0.010185 0.016637
0 0.431395 0.676128 0.011629 0.017118
0 0.463886 0.700644 0.011629 0.017118
0 0.485907 0.672763 0.010185 0.019041
0 0.488976 0.698481 0.010546 0.017599
0 0.495474 0.719392 0.007658 0.014234
0 0.491864 0.720353 0.009824 0.016157
0 0.552874 0.726602 0.011268 0.018080
0 0.559192 0.720594 0.012351 0.016637
0 0.575618 0.737178 0.011268 0.018080
0 0.559372 0.632143 0.009102 0.014715
0 0.557928 0.685021 0.009102 0.015676
0 0.516051 0.701846 0.011268 0.019522
0 0.532116 0.671080 0.012351 0.018560
0 0.520744 0.657140 0.011268 0.020483
0 0.512802 0.613876 0.009824 0.022406
0 0.520203 0.621327 0.009463 0.021925
0 0.529047 0.603732 0.011990 0.016637
0 0.532838 0.614067 0.009463 0.018080
0 0.542224 0.590753 0.010907 0.018560
0 0.377244 0.736408 0.008741 0.014715
0 0.566654 0.677040 0.014878 0.024810
0 0.584343 0.620317 0.011990 0.020964
0 0.611238 0.585706 0.013073 0.023848
0 0.610336 0.626085 0.010546 0.021925
0 0.607267 0.642910 0.013073 0.023848
0 0.578387 0.451828 0.008019 0.014715
0 0.583441 0.455914 0.010185 0.014234
0 0.609794 0.469854 0.008741 0.014234
0 0.612321 0.498216 0.009463 0.017118
0 0.636509 0.492929 0.010185 0.017118
0 0.623152 0.447501 0.010907 0.018560
0 0.606545 0.703479 0.014517 0.020964
0 0.637231 0.743138 0.010907 0.021445
0 0.658350 0.542682 0.009102 0.018560
0 0.706003 0.448703 0.008380 0.017118
0 0.715931 0.573447 0.012351 0.015676
0 0.713584 0.584023 0.010546 0.019522
0 0.704559 0.584744 0.012712 0.020002
0 0.695534 0.572246 0.011268 0.019041
0 0.689758 0.572486 0.014156 0.019522
0 0.681816 0.557103 0.012712 0.023367
0 0.671346 0.559507 0.011268 0.019522
0 0.667195 0.572967 0.014517 0.021445
0 0.675859 0.569361 0.013073 0.025771
0 0.628025 0.667715 0.009824 0.013753
0 0.656184 0.679253 0.011990 0.019522
0 0.629469 0.607239 0.012712 0.021925
0 0.565390 0.580609 0.011629 0.019522
0 0.383938 0.421254 0.006936 0.013273
0 0.624776 0.732180 0.007658 0.016637
