0 0.7278290000000001 0.537428 0.009721 0.020277
0 0.7216400000000001 0.550202 0.010958 0.019453
0 0.7278290000000001 0.565241 0.011577 0.019865
0 0.750417 0.596144 0.012196 0.017393
0 0.755833 0.595526 0.010030 0.021101
0 0.76001 0.593053 0.009102 0.018629
0 0.8289219999999999 0.455205 0.007506 0.010692
0 0.836446 0.523061 0.004770 0.007959
0 0.842716 0.523061 0.006366 0.010995
0 0.845908 0.527160 0.006822 0.011299
0 0.8434 0.537483 0.005454 0.008263
0 0.845452 0.541429 0.005910 0.010085
0 0.830062 0.537938 0.004314 0.009781
0 0.815812 0.539152 0.004998 0.007959
0 0.817408 0.547198 0.006366 0.011906
0 0.821512 0.530348 0.004542 0.011603
0 0.81946 0.532321 0.004998 0.008870
0 0.812733 0.528223 0.005226 0.009781
0 0.817864 0.516230 0.005910 0.012514
0 0.8107949999999999 0.519873 0.005454 0.009477
0 0.30010499999999996 0.656633 0.009786 0.017371
0 0.305577 0.642212 0.009786 0.018889
0 0.503279 0.579365 0.009786 0.015853
0 0.503279 0.589840 0.009330 0.015550
0 0.49814899999999995 0.593179 0.009558 0.019193
0 0.507155 0.599100 0.010242 0.018282
