0 0.272171 0.537428 0.009721 0.020277
0 0.278360 0.550202 0.010958 0.019453
0 0.272171 0.565241 0.011577 0.019865
0 0.249583 0.596144 0.012196 0.017393
0 0.244167 0.595526 0.010030 0.021101
0 0.239990 0.593053 0.009102 0.018629
0 0.171078 0.455205 0.007506 0.010692
0 0.163554 0.523061 0.004770 0.007959
0 0.157284 0.523061 0.006366 0.010995
0 0.154092 0.527160 0.006822 0.011299
0 0.156600 0.537483 0.005454 0.008263
0 0.154548 0.541429 0.005910 0.010085
0 0.169938 0.537938 0.004314 0.009781
0 0.184188 0.539152 0.004998 0.007959
0 0.182592 0.547198 0.006366 0.011906
0 0.178488 0.530348 0.004542 0.011603
0 0.180540 0.532321 0.004998 0.008870
0 0.187267 0.528223 0.005226 0.009781
0 0.182136 0.516230 0.005910 0.012514
0 0.189205 0.519873 0.005454 0.009477
0 0.699895 0.656633 0.009786 0.017371
0 0.694423 0.642212 0.009786 0.018889
0 0.496721 0.579365 0.009786 0.015853
0 0.496721 0.589840 0.009330 0.015550
0 0.501851 0.593179 0.009558 0.019193
0 0.492845 0.599100 0.010242 0.018282
