0 0.35333400000000004 0.315823 0.022535 0.039267
0 0.208187 0.356816 0.019935 0.042731
0 0.17569100000000004 0.586608 0.027734 0.035803
0 0.169192 0.613744 0.023401 0.034648
0 0.20558699999999996 0.614899 0.021668 0.034648
0 0.20558699999999996 0.586608 0.021668 0.038112
0 0.22681799999999996 0.583721 0.022535 0.039267
0 0.24934800000000001 0.580834 0.022535 0.049660
0 0.26581200000000005 0.586031 0.019068 0.036957
0 0.27187799999999995 0.557162 0.022535 0.041576
0 0.256714 0.553698 0.028600 0.041576
0 0.29657500000000003 0.525985 0.019935 0.039267
0 0.339036 0.425523 0.021668 0.043886
0 0.38063 0.423791 0.021668 0.042731
0 0.38496300000000006 0.362590 0.023401 0.033493
0 0.378031 0.341804 0.019935 0.049660
0 0.41442599999999996 0.315245 0.021668 0.040422
0 0.452554 0.344691 0.023401 0.041576
0 0.43998899999999996 0.357971 0.017335 0.033493
0 0.38669600000000004 0.602197 0.023401 0.046195
0 0.35723400000000005 0.647809 0.030334 0.042731
0 0.34986799999999996 0.934183 0.020801 0.038112
0 0.41225999999999996 0.840072 0.022535 0.046195
0 0.36676600000000004 0.768479 0.023401 0.036957
0 0.32647099999999996 0.774252 0.026001 0.043886
0 0.371965 0.704968 0.028600 0.055433
0 0.39276199999999994 0.688802 0.032067 0.043886
0 0.399261 0.717670 0.026001 0.041576
0 0.446055 0.672058 0.026001 0.045041
0 0.505414 0.701504 0.028600 0.039267
0 0.5370429999999999 0.601042 0.024268 0.050814
0 0.481584 0.583144 0.013869 0.038112
0 0.567806 0.632797 0.021668 0.042731
0 0.569105 0.585453 0.020801 0.047350
0 0.585137 0.725754 0.019935 0.041576
0 0.5626059999999999 0.765592 0.026867 0.047350
0 0.5119130000000001 0.800234 0.029467 0.045041
0 0.48678299999999997 0.777139 0.026001 0.049660
0 0.482884 0.798502 0.026867 0.053124
0 0.47638400000000003 0.897232 0.031200 0.040422
0 0.5075799999999999 0.866631 0.022535 0.041576
0 0.521012 0.877024 0.026867 0.039267
0 0.589469 0.814668 0.023401 0.048505
0 0.641896 0.803698 0.020801 0.040422
0 0.63323 0.833721 0.029467 0.049660
0 0.650128 0.756931 0.023401 0.050814
0 0.6977880000000001 0.807740 0.030334 0.041576
0 0.733317 0.754045 0.021668 0.045041
0 0.782166 0.717488 0.018849 0.037068
0 0.787039 0.731189 0.023181 0.041394
0 0.741552 0.694775 0.023181 0.032020
0 0.7399279999999999 0.714604 0.019932 0.035626
0 0.8652880000000001 0.629806 0.017224 0.030578
0 0.902652 0.645669 0.018307 0.037789
0 0.30671800000000005 0.604281 0.021015 0.037068
0 0.5839719999999999 0.661872 0.022098 0.042836
0 0.562853 0.704775 0.023181 0.040673
0 0.559063 0.654300 0.018849 0.040673
0 0.618087 0.628703 0.018849 0.037068
0 0.45048900000000003 0.631226 0.021556 0.039231
0 0.455634 0.425937 0.017766 0.034183
