0 0.84511 0.416705 0.004770 0.007352
0 0.840322 0.422777 0.005682 0.009174
0 0.85822 0.497616 0.005910 0.010692
0 0.861413 0.501563 0.005910 0.008263
0 0.8520639999999999 0.506572 0.004998 0.009174
0 0.8587899999999999 0.511127 0.006594 0.007959
0 0.860843 0.515984 0.006594 0.008567
0 0.8434 0.512037 0.006366 0.010388
0 0.834622 0.504751 0.005682 0.011603
0 0.8313159999999999 0.491999 0.005910 0.012817
0 0.8289219999999999 0.512796 0.004770 0.008263
0 0.8289219999999999 0.504447 0.005682 0.010388
0 0.807033 0.575339 0.008418 0.016764
0 0.802701 0.577161 0.007962 0.018586
0 0.798825 0.576554 0.012978 0.021622
0 0.775227 0.542853 0.011382 0.022836
0 0.7753410000000001 0.505206 0.011154 0.022836
0 0.772263 0.522360 0.012750 0.021318
0 0.799623 0.547711 0.008646 0.017978
0 0.804753 0.549685 0.011154 0.018889
0 0.778077 0.567294 0.006138 0.014639
0 0.782751 0.560766 0.008646 0.015550
0 0.880565 0.507030 0.004998 0.009781
0 0.9510190000000001 0.460610 0.007734 0.013424
0 0.21782400000000002 0.672442 0.016322 0.028175
0 0.22468299999999997 0.646964 0.013434 0.031059
0 0.21313099999999996 0.645282 0.015600 0.036347
0 0.341469 0.499720 0.016683 0.037789
0 0.487564 0.563748 0.015744 0.025386
0 0.48770899999999995 0.579323 0.014878 0.025002
0 0.48193299999999994 0.584322 0.014878 0.022694
0 0.49204099999999995 0.591436 0.013723 0.029232
0 0.324678 0.341425 0.013434 0.021925
