0 0.154890 0.416705 0.004770 0.007352
0 0.159678 0.422777 0.005682 0.009174
0 0.141780 0.497616 0.005910 0.010692
0 0.138587 0.501563 0.005910 0.008263
0 0.147936 0.506572 0.004998 0.009174
0 0.141210 0.511127 0.006594 0.007959
0 0.139157 0.515984 0.006594 0.008567
0 0.156600 0.512037 0.006366 0.010388
0 0.165378 0.504751 0.005682 0.011603
0 0.168684 0.491999 0.005910 0.012817
0 0.171078 0.512796 0.004770 0.008263
0 0.171078 0.504447 0.005682 0.010388
0 0.192967 0.575339 0.008418 0.016764
0 0.197299 0.577161 0.007962 0.018586
0 0.201175 0.576554 0.012978 0.021622
0 0.224773 0.542853 0.011382 0.022836
0 0.224659 0.505206 0.011154 0.022836
0 0.227737 0.522360 0.012750 0.021318
0 0.200377 0.547711 0.008646 0.017978
0 0.195247 0.549685 0.011154 0.018889
0 0.221923 0.567294 0.006138 0.014639
0 0.217249 0.560766 0.008646 0.015550
0 0.119435 0.507030 0.004998 0.009781
0 0.048981 0.460610 0.007734 0.013424
0 0.782176 0.672442 0.016322 0.028175
0 0.775317 0.646964 0.013434 0.031059
0 0.786869 0.645282 0.015600 0.036347
0 0.658531 0.499720 0.016683 0.037789
0 0.512436 0.563748 0.015744 0.025386
0 0.512291 0.579323 0.014878 0.025002
0 0.518067 0.584322 0.014878 0.022694
0 0.507959 0.591436 0.013723 0.029232
0 0.675322 0.341425 0.013434 0.021925
