0 0.492849 0.621827 0.069328 0.106242
0 0.49848099999999995 0.681874 0.066729 0.113170
0 0.5158119999999999 0.787532 0.058063 0.109706
0 0.774478 0.898386 0.043332 0.063516
0 0.807407 0.892035 0.034666 0.066981
0 0.837736 0.873560 0.038132 0.078528
0 0.964686 0.680142 0.019935 0.045041
0 0.949088 0.686493 0.025134 0.057743
0 0.780977 0.785800 0.042465 0.083147
0 0.814773 0.793883 0.040732 0.080837
0 0.889729 0.712474 0.029467 0.065826
0 0.867199 0.713629 0.034666 0.084302
0 0.769712 0.808894 0.038999 0.083147
0 0.137563 0.618363 0.019068 0.036957
0 0.13929599999999998 0.644922 0.024268 0.036957
0 0.153594 0.668594 0.019935 0.035803
0 0.16009300000000004 0.622405 0.019068 0.038112
0 0.15835999999999995 0.644922 0.020801 0.030029
0 0.18175699999999995 0.582566 0.022535 0.043886
0 0.188689 0.555430 0.020801 0.040422
0 0.868065 0.251735 0.045065 0.102777
0 0.10506700000000002 0.157624 0.038999 0.069290
