0 0.229767 0.640786 0.010677 0.021401
0 0.237447 0.645505 0.014221 0.028743
0 0.386707 0.680116 0.013434 0.025596
0 0.398128 0.679592 0.013434 0.029791
0 0.411912 0.682739 0.012646 0.028743
0 0.382572 0.620596 0.014615 0.024023
0 0.405808 0.648390 0.013828 0.026121
0 0.418804 0.641572 0.013040 0.025072
0 0.507612 0.593064 0.018947 0.028743
0 0.505052 0.606699 0.020129 0.031889
0 0.500130 0.634231 0.021310 0.033462
0 0.424909 0.485924 0.013434 0.020352
0 0.416441 0.490644 0.013828 0.020352
0 0.668925 0.652847 0.011465 0.019303
0 0.674242 0.645505 0.014221 0.028743
0 0.667547 0.635279 0.012646 0.019828
0 0.674636 0.626889 0.013434 0.020876
0 0.869396 0.685143 0.012252 0.017730
0 0.862110 0.673081 0.011071 0.020876
0 0.869396 0.673081 0.012252 0.021925
