0 0.289638 0.629162 0.013014 0.024258
0 0.256028 0.645908 0.010846 0.020793
0 0.272291 0.731374 0.012147 0.019638
0 0.291373 0.734839 0.011279 0.025413
0 0.322164 0.766311 0.012147 0.027145
0 0.328886 0.784501 0.021254 0.027723
0 0.424294 0.733106 0.016050 0.031188
0 0.388082 0.697592 0.013881 0.023681
0 0.354689 0.692395 0.016483 0.020216
0 0.356858 0.678535 0.019085 0.021371
0 0.452049 0.694993 0.015182 0.025413
0 0.455952 0.725888 0.016050 0.023681
0 0.464409 0.753895 0.013881 0.018483
0 0.460939 0.748987 0.014749 0.021371
0 0.490646 0.733395 0.014315 0.022526
0 0.535748 0.763135 0.012580 0.023103
0 0.544421 0.756205 0.013448 0.024258
0 0.565671 0.777571 0.015182 0.025413
0 0.642215 0.790564 0.016483 0.025990
0 0.602534 0.735994 0.015182 0.027723
0 0.542036 0.712606 0.013881 0.025990
0 0.552444 0.701345 0.016483 0.031188
0 0.543554 0.646197 0.014315 0.028300
0 0.574562 0.633204 0.015616 0.027723
0 0.609256 0.637535 0.013881 0.025990
0 0.607521 0.658613 0.018218 0.026568
0 0.620965 0.646197 0.017351 0.029455
0 0.631373 0.690373 0.016483 0.024258
0 0.504740 0.609469 0.013014 0.023103
0 0.496284 0.629969 0.016917 0.021371
0 0.523171 0.591856 0.021254 0.027145
0 0.552661 0.578574 0.016917 0.028300
0 0.613809 0.476940 0.015182 0.023681
0 0.609039 0.438827 0.014315 0.022526
0 0.626819 0.410242 0.016917 0.025413
0 0.613592 0.421214 0.018218 0.019638
0 0.589307 0.397538 0.019085 0.020793
0 0.566973 0.421791 0.016917 0.021948
0 0.576080 0.421503 0.016917 0.028300
0 0.508643 0.695630 0.013881 0.024258
0 0.494549 0.677728 0.014315 0.024258
0 0.507559 0.656362 0.012580 0.025413
0 0.634236 0.615762 0.017784 0.028878
0 0.611251 0.587466 0.016050 0.031188
0 0.669797 0.533184 0.011713 0.021948
0 0.641391 0.473127 0.013014 0.024258
0 0.729210 0.416824 0.013448 0.020216
0 0.686060 0.553107 0.011279 0.027145
0 0.684759 0.573896 0.014749 0.024836
0 0.692565 0.568121 0.013881 0.024836
0 0.696034 0.549642 0.015616 0.023681
0 0.702973 0.549353 0.014749 0.027723
0 0.709261 0.567544 0.013448 0.025990
0 0.719236 0.567832 0.014315 0.023103
0 0.729210 0.584868 0.011713 0.022526
0 0.743738 0.586311 0.016483 0.021948
0 0.744172 0.570720 0.013881 0.024258
0 0.367713 0.452509 0.010412 0.020216
0 0.382892 0.663751 0.013881 0.013864
0 0.387228 0.677322 0.016483 0.021371
0 0.666731 0.702848 0.009978 0.020216
0 0.625120 0.770142 0.012580 0.020793
0 0.630324 0.767255 0.009111 0.021948
0 0.637480 0.766100 0.012147 0.020793
