0 0.507151 0.621827 0.069328 0.106242
0 0.501519 0.681874 0.066729 0.113170
0 0.484188 0.787532 0.058063 0.109706
0 0.225522 0.898386 0.043332 0.063516
0 0.192593 0.892035 0.034666 0.066981
0 0.162264 0.873560 0.038132 0.078528
0 0.035314 0.680142 0.019935 0.045041
0 0.050912 0.686493 0.025134 0.057743
0 0.219023 0.785800 0.042465 0.083147
0 0.185227 0.793883 0.040732 0.080837
0 0.110271 0.712474 0.029467 0.065826
0 0.132801 0.713629 0.034666 0.084302
0 0.230288 0.808894 0.038999 0.083147
0 0.862437 0.618363 0.019068 0.036957
0 0.860704 0.644922 0.024268 0.036957
0 0.846406 0.668594 0.019935 0.035803
0 0.839907 0.622405 0.019068 0.038112
0 0.841640 0.644922 0.020801 0.030029
0 0.818243 0.582566 0.022535 0.043886
0 0.811311 0.555430 0.020801 0.040422
0 0.131935 0.251735 0.045065 0.102777
0 0.894933 0.157624 0.038999 0.069290
