0 0.730878 0.606087 0.009824 0.020483
0 0.725463 0.610894 0.011268 0.020483
0 0.597305 0.624113 0.009824 0.020002
0 0.589183 0.624834 0.010907 0.020483
0 0.578172 0.625555 0.009824 0.021925
0 0.515718 0.591665 0.011268 0.018560
0 0.510483 0.561621 0.012351 0.024810
0 0.512829 0.571956 0.012712 0.020483
0 0.987838 0.526027 0.007063 0.014121
0 0.984908 0.517883 0.007318 0.012764
0 0.973058 0.520089 0.006553 0.010388
0 0.986309 0.544181 0.007063 0.009031
0 0.986692 0.538412 0.006808 0.010388
0 0.9621 0.550967 0.008082 0.011746
0 0.960444 0.526705 0.007318 0.016157
0 0.955348 0.513641 0.007318 0.014460
0 0.952162 0.531626 0.007063 0.012424
0 0.974587 0.429897 0.007573 0.012424
0 0.975861 0.418021 0.007573 0.011746
0 0.583782 0.600172 0.009357 0.018193
0 0.574863 0.599154 0.011905 0.020229
0 0.600346 0.582358 0.007828 0.018532
0 0.57499 0.487991 0.008592 0.015139
0 0.562376 0.586565 0.012924 0.021586
0 0.569384 0.593012 0.009102 0.019550
0 0.38345799999999997 0.609843 0.007318 0.013782
0 0.37785199999999997 0.604414 0.010376 0.017853
0 0.384605 0.598984 0.006553 0.010388
0 0.379636 0.596440 0.008337 0.014799
0 0.37938099999999997 0.589144 0.011905 0.017853
0 0.21752899999999997 0.640621 0.007318 0.013442
0 0.21676399999999996 0.627218 0.007318 0.015139
0 0.22147899999999998 0.629253 0.009611 0.016496
0 0.23918899999999998 0.553141 0.010885 0.019889
