0 0.055711 0.738829 0.022663 0.043603
0 0.024270 0.737385 0.025916 0.043603
0 0.025083 0.777447 0.023205 0.044325
0 0.049206 0.768063 0.025916 0.042881
0 0.163045 0.890054 0.028084 0.051543
0 0.022914 0.912792 0.021037 0.036385
0 0.035925 0.926146 0.015616 0.035663
0 0.044327 0.927950 0.015074 0.037829
0 0.058692 0.936251 0.016700 0.047212
0 0.228638 0.804877 0.024832 0.054431
0 0.242191 0.883918 0.022663 0.056596
0 0.254117 0.873091 0.023747 0.055153
0 0.276071 0.918205 0.024290 0.042881
0 0.270922 0.942026 0.030253 0.044325
0 0.332720 0.891497 0.020495 0.045769
0 0.354946 0.833390 0.029168 0.052265
0 0.438970 0.719700 0.031337 0.074642
0 0.333533 0.636689 0.035131 0.070311
0 0.228988 0.554853 0.022535 0.034648
0 0.215557 0.562359 0.023401 0.040422
0 0.305678 0.642613 0.030334 0.057743
0 0.322576 0.586608 0.032933 0.063516
0 0.363304 0.531758 0.036399 0.080837
0 0.328208 0.507509 0.038999 0.076218
0 0.468590 0.489610 0.040732 0.084302
0 0.546579 0.658779 0.032067 0.071599
0 0.539214 0.578525 0.034666 0.079683
0 0.497186 0.558894 0.030334 0.063516
0 0.472489 0.584299 0.038132 0.068135
0 0.626302 0.944576 0.042465 0.075064
0 0.685661 0.797924 0.026001 0.063516
0 0.741553 0.790996 0.028600 0.049660
0 0.706025 0.605084 0.033800 0.070445
0 0.651865 0.671481 0.032933 0.078528
0 0.687394 0.700927 0.036399 0.072754
0 0.641900 0.746539 0.038999 0.064671
0 0.637134 0.725754 0.041599 0.073909
0 0.789214 0.381065 0.028600 0.054278
0 0.762350 0.493652 0.021668 0.043886
0 0.760184 0.523675 0.034666 0.053124
0 0.842073 0.430142 0.032067 0.062362
0 0.858538 0.428987 0.028600 0.064671
0 0.856805 0.463629 0.030334 0.064671
0 0.874136 0.471712 0.026867 0.069290
0 0.900132 0.458433 0.033800 0.065826
0 0.930028 0.453236 0.032933 0.080837
0 0.937394 0.523675 0.035533 0.057743
0 0.987543 0.458433 0.024913 0.084302
0 0.647532 0.212474 0.029467 0.061207
0 0.707758 0.226908 0.025134 0.053124
0 0.631068 0.117786 0.029467 0.040422
0 0.640600 0.085453 0.027734 0.045041
0 0.678945 0.024830 0.040299 0.049660
0 0.575392 0.092670 0.027301 0.043309
0 0.577125 0.151562 0.016902 0.050237
0 0.542030 0.156758 0.022968 0.049082
0 0.527732 0.147520 0.025567 0.030606
0 0.826909 0.122982 0.029467 0.046195
0 0.808278 0.133952 0.037266 0.065826
0 0.192593 0.318132 0.017335 0.025410
0 0.448659 0.889726 0.037266 0.066981
0 0.483321 0.852197 0.033800 0.077373
0 0.465123 0.963051 0.032067 0.049660
0 0.446926 0.987587 0.038999 0.024827
0 0.582974 0.219980 0.023401 0.041576
0 0.561311 0.224599 0.033800 0.050814
0 0.520583 0.258663 0.025134 0.049660
0 0.670929 0.517901 0.038132 0.087766
0 0.802645 0.051966 0.032933 0.054278
