0 0.7103619999999999 0.629162 0.013014 0.024258
0 0.7439720000000001 0.645908 0.010846 0.020793
0 0.7277089999999999 0.731374 0.012147 0.019638
0 0.708627 0.734839 0.011279 0.025413
0 0.677836 0.766311 0.012147 0.027145
0 0.671114 0.784501 0.021254 0.027723
0 0.575706 0.733106 0.016050 0.031188
0 0.611918 0.697592 0.013881 0.023681
0 0.645311 0.692395 0.016483 0.020216
0 0.643142 0.678535 0.019085 0.021371
0 0.5479510000000001 0.694993 0.015182 0.025413
0 0.544048 0.725888 0.016050 0.023681
0 0.5355909999999999 0.753895 0.013881 0.018483
0 0.539061 0.748987 0.014749 0.021371
0 0.509354 0.733395 0.014315 0.022526
0 0.464252 0.763135 0.012580 0.023103
0 0.45557899999999996 0.756205 0.013448 0.024258
0 0.43432899999999997 0.777571 0.015182 0.025413
0 0.357785 0.790564 0.016483 0.025990
0 0.397466 0.735994 0.015182 0.027723
0 0.45796400000000004 0.712606 0.013881 0.025990
0 0.44755599999999995 0.701345 0.016483 0.031188
0 0.456446 0.646197 0.014315 0.028300
0 0.425438 0.633204 0.015616 0.027723
0 0.390744 0.637535 0.013881 0.025990
0 0.392479 0.658613 0.018218 0.026568
0 0.379035 0.646197 0.017351 0.029455
0 0.36862700000000004 0.690373 0.016483 0.024258
0 0.49526000000000003 0.609469 0.013014 0.023103
0 0.503716 0.629969 0.016917 0.021371
0 0.47682899999999995 0.591856 0.021254 0.027145
0 0.44733900000000004 0.578574 0.016917 0.028300
0 0.38619099999999995 0.476940 0.015182 0.023681
0 0.390961 0.438827 0.014315 0.022526
0 0.373181 0.410242 0.016917 0.025413
0 0.386408 0.421214 0.018218 0.019638
0 0.410693 0.397538 0.019085 0.020793
0 0.43302700000000005 0.421791 0.016917 0.021948
0 0.42391999999999996 0.421503 0.016917 0.028300
0 0.49135700000000004 0.695630 0.013881 0.024258
0 0.505451 0.677728 0.014315 0.024258
0 0.492441 0.656362 0.012580 0.025413
0 0.365764 0.615762 0.017784 0.028878
0 0.388749 0.587466 0.016050 0.031188
0 0.330203 0.533184 0.011713 0.021948
0 0.35860899999999996 0.473127 0.013014 0.024258
0 0.27079 0.416824 0.013448 0.020216
0 0.31394 0.553107 0.011279 0.027145
0 0.315241 0.573896 0.014749 0.024836
0 0.307435 0.568121 0.013881 0.024836
0 0.30396599999999996 0.549642 0.015616 0.023681
0 0.29702700000000004 0.549353 0.014749 0.027723
0 0.29073899999999997 0.567544 0.013448 0.025990
0 0.280764 0.567832 0.014315 0.023103
0 0.27079 0.584868 0.011713 0.022526
0 0.256262 0.586311 0.016483 0.021948
0 0.25582800000000006 0.570720 0.013881 0.024258
0 0.632287 0.452509 0.010412 0.020216
0 0.617108 0.663751 0.013881 0.013864
0 0.612772 0.677322 0.016483 0.021371
0 0.33326900000000004 0.702848 0.009978 0.020216
0 0.37488 0.770142 0.012580 0.020793
0 0.369676 0.767255 0.009111 0.021948
0 0.36251999999999995 0.766100 0.012147 0.020793
