0 0.139504 0.662106 0.016322 0.032821
0 0.147927 0.669797 0.017766 0.032821
0 0.309418 0.653774 0.018247 0.032821
0 0.345278 0.698319 0.022579 0.041154
0 0.363810 0.697678 0.021135 0.039872
0 0.318082 0.747352 0.020173 0.037949
0 0.338780 0.756325 0.021135 0.053332
0 0.359237 0.752159 0.021617 0.048845
0 0.498827 0.684860 0.028355 0.047563
0 0.513027 0.614355 0.028837 0.050127
0 0.507251 0.639673 0.030762 0.050768
0 0.730385 0.685501 0.015841 0.024489
0 0.738809 0.653453 0.015359 0.027053
0 0.737365 0.670118 0.017285 0.027053
0 0.729663 0.657619 0.014396 0.026412
0 0.355899 0.437899 0.019691 0.037308
0 0.218444 0.557115 0.013434 0.025771
0 0.225183 0.564807 0.015359 0.024489
0 0.220129 0.571216 0.012952 0.028335
0 0.971539 0.718752 0.014878 0.027053
0 0.961912 0.705933 0.017766 0.033462
