0 0.406551 0.502251 0.025889 0.039231
0 0.408988 0.527848 0.018849 0.037068
0 0.418465 0.538664 0.019390 0.038510
0 0.450955 0.523883 0.020473 0.049326
0 0.401678 0.552365 0.019390 0.039952
0 0.317743 0.364307 0.021556 0.039231
0 0.329386 0.341954 0.018849 0.043557
0 0.354025 0.391347 0.017224 0.041394
0 0.360523 0.394231 0.015058 0.037068
0 0.371353 0.388823 0.022639 0.037789
0 0.375144 0.407931 0.021556 0.038510
0 0.768011 0.348349 0.039426 0.069516
0 0.130922 0.429542 0.008560 0.016878
0 0.137691 0.428821 0.011268 0.015436
0 0.319368 0.306961 0.020473 0.042836
0 0.335884 0.309124 0.019932 0.050047
0 0.350776 0.302635 0.022639 0.048605
0 0.412779 0.287132 0.021015 0.050768
0 0.297978 0.244228 0.025347 0.051489
0 0.290126 0.215386 0.019390 0.044278
0 0.669997 0.167722 0.039426 0.060142
0 0.620178 0.238747 0.019932 0.027694
0 0.594998 0.218918 0.016141 0.028415
0 0.613680 0.257495 0.021015 0.034904
0 0.626947 0.263263 0.025889 0.040673
0 0.601767 0.324914 0.017766 0.031299
0 0.618553 0.318785 0.013434 0.023367
0 0.657001 0.325635 0.013434 0.021204
0 0.659167 0.335730 0.013434 0.022646
0 0.647524 0.345104 0.017224 0.028415
0 0.665665 0.351233 0.015600 0.032020
0 0.668132 0.373856 0.009102 0.019828
0 0.659467 0.374118 0.011465 0.020352
0 0.686642 0.364416 0.011465 0.026121
0 0.694518 0.370709 0.012252 0.029267
0 0.695896 0.360745 0.010283 0.024023
0 0.707711 0.362319 0.016584 0.030316
0 0.703379 0.377002 0.010283 0.018779
0 0.736067 0.091669 0.033125 0.064927
0 0.485987 0.272853 0.010283 0.021401
0 0.663800 0.474441 0.008314 0.015108
0 0.661043 0.480209 0.008314 0.015108
0 0.665178 0.486764 0.007920 0.017730
0 0.628158 0.430390 0.008708 0.014059
0 0.632884 0.425933 0.008708 0.018779
0 0.633081 0.437208 0.007526 0.015108
0 0.894601 0.604908 0.022492 0.051292
0 0.911732 0.639257 0.027612 0.043426
0 0.915474 0.675704 0.021704 0.051292
0 0.926501 0.669148 0.016191 0.059158
0 0.943632 0.670459 0.020523 0.050243
0 0.932014 0.708741 0.022492 0.047097
0 0.751248 0.272329 0.044546 0.086428
