0 0.646666 0.315823 0.022535 0.039267
0 0.791813 0.356816 0.019935 0.042731
0 0.824309 0.586608 0.027734 0.035803
0 0.830808 0.613744 0.023401 0.034648
0 0.794413 0.614899 0.021668 0.034648
0 0.794413 0.586608 0.021668 0.038112
0 0.773182 0.583721 0.022535 0.039267
0 0.750652 0.580834 0.022535 0.049660
0 0.734188 0.586031 0.019068 0.036957
0 0.728122 0.557162 0.022535 0.041576
0 0.743286 0.553698 0.028600 0.041576
0 0.703425 0.525985 0.019935 0.039267
0 0.660964 0.425523 0.021668 0.043886
0 0.619370 0.423791 0.021668 0.042731
0 0.615037 0.362590 0.023401 0.033493
0 0.621969 0.341804 0.019935 0.049660
0 0.585574 0.315245 0.021668 0.040422
0 0.547446 0.344691 0.023401 0.041576
0 0.560011 0.357971 0.017335 0.033493
0 0.613304 0.602197 0.023401 0.046195
0 0.642766 0.647809 0.030334 0.042731
0 0.650132 0.934183 0.020801 0.038112
0 0.587740 0.840072 0.022535 0.046195
0 0.633234 0.768479 0.023401 0.036957
0 0.673529 0.774252 0.026001 0.043886
0 0.628035 0.704968 0.028600 0.055433
0 0.607238 0.688802 0.032067 0.043886
0 0.600739 0.717670 0.026001 0.041576
0 0.553945 0.672058 0.026001 0.045041
0 0.494586 0.701504 0.028600 0.039267
0 0.462957 0.601042 0.024268 0.050814
0 0.518416 0.583144 0.013869 0.038112
0 0.432194 0.632797 0.021668 0.042731
0 0.430895 0.585453 0.020801 0.047350
0 0.414863 0.725754 0.019935 0.041576
0 0.437394 0.765592 0.026867 0.047350
0 0.488087 0.800234 0.029467 0.045041
0 0.513217 0.777139 0.026001 0.049660
0 0.517116 0.798502 0.026867 0.053124
0 0.523616 0.897232 0.031200 0.040422
0 0.492420 0.866631 0.022535 0.041576
0 0.478988 0.877024 0.026867 0.039267
0 0.410531 0.814668 0.023401 0.048505
0 0.358104 0.803698 0.020801 0.040422
0 0.366770 0.833721 0.029467 0.049660
0 0.349872 0.756931 0.023401 0.050814
0 0.302212 0.807740 0.030334 0.041576
0 0.266683 0.754045 0.021668 0.045041
0 0.217834 0.717488 0.018849 0.037068
0 0.212961 0.731189 0.023181 0.041394
0 0.258448 0.694775 0.023181 0.032020
0 0.260072 0.714604 0.019932 0.035626
0 0.134712 0.629806 0.017224 0.030578
0 0.097348 0.645669 0.018307 0.037789
0 0.693282 0.604281 0.021015 0.037068
0 0.416028 0.661872 0.022098 0.042836
0 0.437147 0.704775 0.023181 0.040673
0 0.440937 0.654300 0.018849 0.040673
0 0.381913 0.628703 0.018849 0.037068
0 0.549511 0.631226 0.021556 0.039231
0 0.544366 0.425937 0.017766 0.034183
