0 0.860496 0.662106 0.016322 0.032821
0 0.852073 0.669797 0.017766 0.032821
0 0.690582 0.653774 0.018247 0.032821
0 0.654722 0.698319 0.022579 0.041154
0 0.63619 0.697678 0.021135 0.039872
0 0.681918 0.747352 0.020173 0.037949
0 0.6612199999999999 0.756325 0.021135 0.053332
0 0.640763 0.752159 0.021617 0.048845
0 0.501173 0.684860 0.028355 0.047563
0 0.486973 0.614355 0.028837 0.050127
0 0.492749 0.639673 0.030762 0.050768
0 0.26961500000000005 0.685501 0.015841 0.024489
0 0.26119099999999995 0.653453 0.015359 0.027053
0 0.26263499999999995 0.670118 0.017285 0.027053
0 0.27033700000000005 0.657619 0.014396 0.026412
0 0.644101 0.437899 0.019691 0.037308
0 0.781556 0.557115 0.013434 0.025771
0 0.774817 0.564807 0.015359 0.024489
0 0.779871 0.571216 0.012952 0.028335
0 0.02846099999999996 0.718752 0.014878 0.027053
0 0.03808800000000001 0.705933 0.017766 0.033462
