0 0.336646 0.562055 0.007176 0.012632
0 0.336165 0.538821 0.008139 0.013593
0 0.338572 0.547474 0.009583 0.012952
0 0.312699 0.584649 0.007417 0.011670
0 0.306201 0.583207 0.008861 0.013273
0 0.230630 0.539302 0.004529 0.006863
0 0.233518 0.530008 0.004529 0.010709
0 0.229306 0.519753 0.004770 0.010068
0 0.213181 0.524400 0.005251 0.007184
0 0.206443 0.524079 0.004770 0.007824
0 0.204397 0.528566 0.004048 0.006543
0 0.205961 0.541705 0.005251 0.007184
0 0.207044 0.536738 0.005010 0.008786
0 0.211136 0.540424 0.004529 0.005902
0 0.217514 0.537700 0.004770 0.007504
0 0.214024 0.457101 0.005492 0.005902
0 0.218236 0.462869 0.004288 0.007824
0 0.314865 0.571892 0.007417 0.011991
