0 0.944289 0.738829 0.022663 0.043603
0 0.97573 0.737385 0.025916 0.043603
0 0.974917 0.777447 0.023205 0.044325
0 0.950794 0.768063 0.025916 0.042881
0 0.836955 0.890054 0.028084 0.051543
0 0.977086 0.912792 0.021037 0.036385
0 0.964075 0.926146 0.015616 0.035663
0 0.955673 0.927950 0.015074 0.037829
0 0.941308 0.936251 0.016700 0.047212
0 0.771362 0.804877 0.024832 0.054431
0 0.757809 0.883918 0.022663 0.056596
0 0.7458830000000001 0.873091 0.023747 0.055153
0 0.723929 0.918205 0.024290 0.042881
0 0.729078 0.942026 0.030253 0.044325
0 0.66728 0.891497 0.020495 0.045769
0 0.645054 0.833390 0.029168 0.052265
0 0.5610299999999999 0.719700 0.031337 0.074642
0 0.6664669999999999 0.636689 0.035131 0.070311
0 0.771012 0.554853 0.022535 0.034648
0 0.784443 0.562359 0.023401 0.040422
0 0.694322 0.642613 0.030334 0.057743
0 0.677424 0.586608 0.032933 0.063516
0 0.6366959999999999 0.531758 0.036399 0.080837
0 0.671792 0.507509 0.038999 0.076218
0 0.5314099999999999 0.489610 0.040732 0.084302
0 0.45342099999999996 0.658779 0.032067 0.071599
0 0.46078600000000003 0.578525 0.034666 0.079683
0 0.502814 0.558894 0.030334 0.063516
0 0.5275110000000001 0.584299 0.038132 0.068135
0 0.373698 0.944576 0.042465 0.075064
0 0.31433900000000004 0.797924 0.026001 0.063516
0 0.258447 0.790996 0.028600 0.049660
0 0.293975 0.605084 0.033800 0.070445
0 0.348135 0.671481 0.032933 0.078528
0 0.31260600000000005 0.700927 0.036399 0.072754
0 0.3581 0.746539 0.038999 0.064671
0 0.362866 0.725754 0.041599 0.073909
0 0.21078600000000003 0.381065 0.028600 0.054278
0 0.23765000000000003 0.493652 0.021668 0.043886
0 0.23981600000000003 0.523675 0.034666 0.053124
0 0.15792700000000004 0.430142 0.032067 0.062362
0 0.14146199999999998 0.428987 0.028600 0.064671
0 0.14319499999999996 0.463629 0.030334 0.064671
0 0.12586399999999998 0.471712 0.026867 0.069290
0 0.09986799999999996 0.458433 0.033800 0.065826
0 0.06997200000000003 0.453236 0.032933 0.080837
0 0.06260600000000005 0.523675 0.035533 0.057743
0 0.012457000000000051 0.458433 0.024913 0.084302
0 0.352468 0.212474 0.029467 0.061207
0 0.292242 0.226908 0.025134 0.053124
0 0.36893200000000004 0.117786 0.029467 0.040422
0 0.35940000000000005 0.085453 0.027734 0.045041
0 0.321055 0.024830 0.040299 0.049660
0 0.424608 0.092670 0.027301 0.043309
0 0.422875 0.151562 0.016902 0.050237
0 0.45797 0.156758 0.022968 0.049082
0 0.472268 0.147520 0.025567 0.030606
0 0.173091 0.122982 0.029467 0.046195
0 0.19172199999999995 0.133952 0.037266 0.065826
0 0.807407 0.318132 0.017335 0.025410
0 0.5513410000000001 0.889726 0.037266 0.066981
0 0.516679 0.852197 0.033800 0.077373
0 0.534877 0.963051 0.032067 0.049660
0 0.5530740000000001 0.987587 0.038999 0.024827
0 0.417026 0.219980 0.023401 0.041576
0 0.438689 0.224599 0.033800 0.050814
0 0.479417 0.258663 0.025134 0.049660
0 0.329071 0.517901 0.038132 0.087766
0 0.19735499999999995 0.051966 0.032933 0.054278
