0 0.650193 0.621278 0.011629 0.016157
0 0.6825030000000001 0.634978 0.008380 0.015676
0 0.6696869999999999 0.706364 0.008741 0.016157
0 0.651457 0.711171 0.008380 0.015195
0 0.633587 0.414715 0.008019 0.011830
0 0.595681 0.470958 0.010185 0.015676
0 0.58467 0.476727 0.008380 0.012792
0 0.594417 0.673244 0.011268 0.017118
0 0.5909880000000001 0.660986 0.010185 0.016637
0 0.568605 0.676128 0.011629 0.017118
0 0.536114 0.700644 0.011629 0.017118
0 0.514093 0.672763 0.010185 0.019041
0 0.5110239999999999 0.698481 0.010546 0.017599
0 0.504526 0.719392 0.007658 0.014234
0 0.5081359999999999 0.720353 0.009824 0.016157
0 0.447126 0.726602 0.011268 0.018080
0 0.440808 0.720594 0.012351 0.016637
0 0.42438200000000004 0.737178 0.011268 0.018080
0 0.440628 0.632143 0.009102 0.014715
0 0.442072 0.685021 0.009102 0.015676
0 0.48394899999999996 0.701846 0.011268 0.019522
0 0.46788399999999997 0.671080 0.012351 0.018560
0 0.479256 0.657140 0.011268 0.020483
0 0.487198 0.613876 0.009824 0.022406
0 0.47979700000000003 0.621327 0.009463 0.021925
0 0.47095299999999995 0.603732 0.011990 0.016637
0 0.46716199999999997 0.614067 0.009463 0.018080
0 0.45777599999999996 0.590753 0.010907 0.018560
0 0.622756 0.736408 0.008741 0.014715
0 0.433346 0.677040 0.014878 0.024810
0 0.41565700000000005 0.620317 0.011990 0.020964
0 0.38876200000000005 0.585706 0.013073 0.023848
0 0.389664 0.626085 0.010546 0.021925
0 0.392733 0.642910 0.013073 0.023848
0 0.421613 0.451828 0.008019 0.014715
0 0.416559 0.455914 0.010185 0.014234
0 0.39020600000000005 0.469854 0.008741 0.014234
0 0.387679 0.498216 0.009463 0.017118
0 0.363491 0.492929 0.010185 0.017118
0 0.37684799999999996 0.447501 0.010907 0.018560
0 0.393455 0.703479 0.014517 0.020964
0 0.362769 0.743138 0.010907 0.021445
0 0.34165 0.542682 0.009102 0.018560
0 0.29399699999999995 0.448703 0.008380 0.017118
0 0.284069 0.573447 0.012351 0.015676
0 0.286416 0.584023 0.010546 0.019522
0 0.29544099999999995 0.584744 0.012712 0.020002
0 0.304466 0.572246 0.011268 0.019041
0 0.310242 0.572486 0.014156 0.019522
0 0.318184 0.557103 0.012712 0.023367
0 0.328654 0.559507 0.011268 0.019522
0 0.332805 0.572967 0.014517 0.021445
0 0.324141 0.569361 0.013073 0.025771
0 0.37197499999999994 0.667715 0.009824 0.013753
0 0.343816 0.679253 0.011990 0.019522
0 0.37053100000000005 0.607239 0.012712 0.021925
0 0.43461000000000005 0.580609 0.011629 0.019522
0 0.616062 0.421254 0.006936 0.013273
0 0.375224 0.732180 0.007658 0.016637
