0 0.125900 0.290536 0.018795 0.038923
0 0.179413 0.065268 0.010490 0.020343
0 0.222960 0.088790 0.014304 0.024158
0 0.216126 0.117398 0.011443 0.022886
0 0.199597 0.140072 0.010172 0.023310
0 0.274200 0.090273 0.011761 0.022039
0 0.269273 0.105743 0.012079 0.024158
0 0.281829 0.120364 0.009218 0.022039
0 0.248453 0.035813 0.011125 0.021615
0 0.265936 0.038356 0.006675 0.019919
0 0.206749 0.265777 0.013668 0.030091
0 0.178428 0.389108 0.017165 0.042806
0 0.170481 0.437635 0.015257 0.044077
0 0.183355 0.442721 0.013668 0.044077
0 0.133609 0.462852 0.019708 0.050434
0 0.247023 0.536809 0.017800 0.037296
0 0.360023 0.390379 0.016847 0.042806
0 0.519909 0.635516 0.021933 0.048739
0 0.538981 0.644628 0.020661 0.050858
0 0.523564 0.669633 0.022886 0.045772
0 0.537074 0.684679 0.018754 0.055520
0 0.547245 0.656495 0.017483 0.055096
0 0.476838 0.764993 0.019072 0.056792
0 0.486374 0.684679 0.016529 0.052977
0 0.387042 0.618775 0.016847 0.044925
0 0.372738 0.633397 0.014940 0.038567
0 0.351282 0.617928 0.015893 0.047468
0 0.343812 0.595041 0.013668 0.042382
0 0.294321 0.617080 0.016529 0.045772
0 0.240920 0.610935 0.012079 0.042806
0 0.233132 0.585717 0.009854 0.023734
0 0.153793 0.754863 0.018118 0.052977
0 0.171752 0.779869 0.018436 0.050434
0 0.201314 0.791524 0.019072 0.050858
0 0.184626 0.837720 0.015575 0.037296
0 0.167779 0.854884 0.014940 0.028396
0 0.178587 0.865904 0.016211 0.038567
0 0.080557 0.903412 0.016847 0.048315
0 0.086756 0.954482 0.012715 0.040263
0 0.120767 0.937317 0.019708 0.050011
0 0.877792 0.780843 0.010172 0.032210
0 0.881924 0.806484 0.012715 0.036025