0 0.8741 0.290536 0.018795 0.038923
0 0.820587 0.065268 0.010490 0.020343
0 0.77704 0.088790 0.014304 0.024158
0 0.783874 0.117398 0.011443 0.022886
0 0.800403 0.140072 0.010172 0.023310
0 0.7258 0.090273 0.011761 0.022039
0 0.730727 0.105743 0.012079 0.024158
0 0.718171 0.120364 0.009218 0.022039
0 0.751547 0.035813 0.011125 0.021615
0 0.734064 0.038356 0.006675 0.019919
0 0.793251 0.265777 0.013668 0.030091
0 0.821572 0.389108 0.017165 0.042806
0 0.829519 0.437635 0.015257 0.044077
0 0.8166450000000001 0.442721 0.013668 0.044077
0 0.866391 0.462852 0.019708 0.050434
0 0.752977 0.536809 0.017800 0.037296
0 0.639977 0.390379 0.016847 0.042806
0 0.48009100000000005 0.635516 0.021933 0.048739
0 0.46101899999999996 0.644628 0.020661 0.050858
0 0.47643599999999997 0.669633 0.022886 0.045772
0 0.46292599999999995 0.684679 0.018754 0.055520
0 0.452755 0.656495 0.017483 0.055096
0 0.523162 0.764993 0.019072 0.056792
0 0.513626 0.684679 0.016529 0.052977
0 0.612958 0.618775 0.016847 0.044925
0 0.627262 0.633397 0.014940 0.038567
0 0.648718 0.617928 0.015893 0.047468
0 0.656188 0.595041 0.013668 0.042382
0 0.705679 0.617080 0.016529 0.045772
0 0.75908 0.610935 0.012079 0.042806
0 0.766868 0.585717 0.009854 0.023734
0 0.8462069999999999 0.754863 0.018118 0.052977
0 0.828248 0.779869 0.018436 0.050434
0 0.798686 0.791524 0.019072 0.050858
0 0.815374 0.837720 0.015575 0.037296
0 0.832221 0.854884 0.014940 0.028396
0 0.821413 0.865904 0.016211 0.038567
0 0.919443 0.903412 0.016847 0.048315
0 0.913244 0.954482 0.012715 0.040263
0 0.879233 0.937317 0.019708 0.050011
0 0.12220799999999998 0.780843 0.010172 0.032210
0 0.11807599999999996 0.806484 0.012715 0.036025