0 0.111118 0.319112 0.015108 0.036157
0 0.122353 0.308264 0.013559 0.032025
0 0.867472 0.576963 0.013559 0.032025
0 0.861080 0.593492 0.012397 0.034091
0 0.871733 0.608988 0.018208 0.036157
0 0.881224 0.622159 0.012397 0.034607
0 0.893040 0.621384 0.012784 0.038223
0 0.875220 0.659349 0.015108 0.037707
0 0.872895 0.703512 0.012784 0.035124
0 0.881030 0.720300 0.011235 0.033574
0 0.738469 0.855269 0.016658 0.048554
0 0.671449 0.858626 0.018208 0.047004
0 0.159930 0.534659 0.010460 0.030475
0 0.177363 0.565651 0.009685 0.029442
0 0.094848 0.600000 0.014334 0.041322
0 0.006069 0.572366 0.012138 0.041839
0 0.728048 0.919628 0.021694 0.049587
0 0.576965 0.511973 0.011443 0.031363
0 0.587296 0.510913 0.010490 0.030939