0 0.888882 0.319112 0.015108 0.036157
0 0.877647 0.308264 0.013559 0.032025
0 0.13252799999999998 0.576963 0.013559 0.032025
0 0.13892000000000004 0.593492 0.012397 0.034091
0 0.12826700000000002 0.608988 0.018208 0.036157
0 0.11877599999999999 0.622159 0.012397 0.034607
0 0.10696000000000006 0.621384 0.012784 0.038223
0 0.12478 0.659349 0.015108 0.037707
0 0.12710500000000002 0.703512 0.012784 0.035124
0 0.11897000000000002 0.720300 0.011235 0.033574
0 0.26153099999999996 0.855269 0.016658 0.048554
0 0.32855100000000004 0.858626 0.018208 0.047004
0 0.84007 0.534659 0.010460 0.030475
0 0.8226370000000001 0.565651 0.009685 0.029442
0 0.905152 0.600000 0.014334 0.041322
0 0.993931 0.572366 0.012138 0.041839
0 0.27195199999999997 0.919628 0.021694 0.049587
0 0.42303500000000005 0.511973 0.011443 0.031363
0 0.41270399999999996 0.510913 0.010490 0.030939