0 0.502648 0.080502 0.031680 0.065504
0 0.37060000000000004 0.078053 0.015152 0.031221
0 0.279691 0.106826 0.019743 0.032446
0 0.620967 0.487175 0.031221 0.067340
0 0.443557 0.436731 0.024793 0.053872
0 0.34874499999999997 0.370921 0.022498 0.036119
0 0.10558599999999996 0.491889 0.019743 0.048362
0 0.09250100000000006 0.477808 0.016529 0.041016
0 0.18203199999999997 0.735170 0.020202 0.043465
0 0.138644 0.590083 0.023416 0.048362
0 0.31265699999999996 0.718029 0.016988 0.036119
0 0.30967199999999995 0.743434 0.011938 0.026936
0 0.449526 0.531252 0.031221 0.068564
0 0.42358399999999996 0.537068 0.024334 0.065504
0 0.8871290000000001 0.662075 0.017906 0.038567
0 0.89195 0.683502 0.014692 0.036119
0 0.844659 0.771044 0.016529 0.038567
0 0.815963 0.854729 0.019743 0.040404
0 0.791628 0.850444 0.019743 0.040404
0 0.807698 0.908907 0.017906 0.038567
0 0.680976 0.939822 0.021579 0.053872
0 0.672712 0.969207 0.024334 0.044077
0 0.708066 0.960637 0.024334 0.048975
0 0.794613 0.957576 0.023875 0.039180
0 0.578589 0.741965 0.023416 0.041628