0 0.497352 0.080502 0.031680 0.065504
0 0.629400 0.078053 0.015152 0.031221
0 0.720309 0.106826 0.019743 0.032446
0 0.379033 0.487175 0.031221 0.067340
0 0.556443 0.436731 0.024793 0.053872
0 0.651255 0.370921 0.022498 0.036119
0 0.894414 0.491889 0.019743 0.048362
0 0.907499 0.477808 0.016529 0.041016
0 0.817968 0.735170 0.020202 0.043465
0 0.861356 0.590083 0.023416 0.048362
0 0.687343 0.718029 0.016988 0.036119
0 0.690328 0.743434 0.011938 0.026936
0 0.550474 0.531252 0.031221 0.068564
0 0.576416 0.537068 0.024334 0.065504
0 0.112871 0.662075 0.017906 0.038567
0 0.108050 0.683502 0.014692 0.036119
0 0.155341 0.771044 0.016529 0.038567
0 0.184037 0.854729 0.019743 0.040404
0 0.208372 0.850444 0.019743 0.040404
0 0.192302 0.908907 0.017906 0.038567
0 0.319024 0.939822 0.021579 0.053872
0 0.327288 0.969207 0.024334 0.044077
0 0.291934 0.960637 0.024334 0.048975
0 0.205387 0.957576 0.023875 0.039180
0 0.421411 0.741965 0.023416 0.041628