0 0.82164 0.486516 0.028708 0.068291
0 0.7487280000000001 0.516311 0.029034 0.053067
0 0.7133320000000001 0.485211 0.031318 0.056981
0 0.7263809999999999 0.529796 0.030666 0.069595
0 0.7519899999999999 0.573510 0.030339 0.057851
0 0.659276 0.247934 0.025120 0.052197
0 0.632362 0.293388 0.027403 0.057851
0 0.546466 0.600565 0.014680 0.026533
0 0.50373 0.425011 0.025772 0.052632
0 0.42670699999999995 0.634102 0.022184 0.042627
0 0.35624199999999995 0.715659 0.013702 0.026533
0 0.375 0.748499 0.012070 0.028708
0 0.376957 0.777860 0.014028 0.022184
0 0.399304 0.625489 0.022836 0.045237
0 0.386092 0.636146 0.014680 0.038712
0 0.36863900000000005 0.640931 0.023488 0.045672
0 0.350533 0.530666 0.017943 0.039147
0 0.33454799999999996 0.545237 0.014028 0.030883
0 0.21126599999999995 0.388125 0.015659 0.047412
0 0.04374699999999998 0.628317 0.017290 0.036103