0 0.269525 0.724628 0.021694 0.046281
0 0.284401 0.701074 0.024174 0.052066
0 0.397211 0.806859 0.022934 0.050413
0 0.426343 0.776281 0.025413 0.050413
0 0.384814 0.466942 0.030372 0.069421
0 0.604917 0.580248 0.028512 0.060331
0 0.644277 0.545124 0.027893 0.052893
0 0.663802 0.542645 0.017355 0.051240
0 0.682397 0.624463 0.019835 0.046281
0 0.678895 0.591062 0.022498 0.044689
0 0.717233 0.622896 0.016529 0.038567
0 0.713560 0.584634 0.018365 0.042853
0 0.658004 0.618916 0.022039 0.048975
0 0.638032 0.631160 0.027089 0.039180
0 0.625865 0.651974 0.022039 0.050199
0 0.613698 0.651362 0.022498 0.051423
0 0.647903 0.665136 0.020202 0.053260
0 0.665580 0.689930 0.016988 0.047750
0 0.638261 0.701561 0.020202 0.034282
0 0.661218 0.729415 0.018365 0.037343
0 0.672008 0.766758 0.025253 0.044689
0 0.868014 0.139333 0.018365 0.031833
0 0.908647 0.132293 0.014233 0.033670
0 0.883395 0.168717 0.015152 0.029385
0 0.876967 0.196572 0.015152 0.031221
0 0.865947 0.207285 0.014233 0.029385
0 0.955249 0.770860 0.012856 0.026936
0 0.957086 0.795041 0.012856 0.034894
0 0.705295 0.375635 0.026630 0.059994