0 0.872851 0.599669 0.016116 0.029752
0 0.786694 0.643058 0.019835 0.037190
0 0.797231 0.659587 0.012397 0.032231
0 0.708595 0.717851 0.019835 0.039669
0 0.721302 0.743471 0.015496 0.038017
0 0.636322 0.554628 0.028512 0.058678
0 0.5839460000000001 0.524876 0.031612 0.055372
0 0.557913 0.521157 0.024174 0.049587
0 0.529091 0.544711 0.023554 0.052066
0 0.559153 0.610000 0.026653 0.035537
0 0.582087 0.633141 0.025413 0.050413
0 0.596033 0.705041 0.026033 0.047107
0 0.524752 0.605455 0.023554 0.051240
0 0.502748 0.583141 0.020455 0.039669
0 0.505227 0.612479 0.024174 0.048760
0 0.468967 0.585620 0.021074 0.044628
0 0.536529 0.649256 0.019835 0.049587
0 0.49531000000000003 0.679421 0.020455 0.050413
0 0.478884 0.723223 0.024793 0.045455
0 0.522273 0.659587 0.017355 0.047107
0 0.47392599999999996 0.764545 0.029752 0.052066
0 0.41088800000000003 0.625289 0.021694 0.041322
0 0.42607399999999995 0.586446 0.030992 0.061157
0 0.460785 0.433719 0.024793 0.051240
0 0.46481399999999995 0.362397 0.031612 0.063636
0 0.451488 0.388017 0.019835 0.047107
0 0.30595000000000006 0.067190 0.024793 0.040496
0 0.289215 0.090744 0.016116 0.038017
0 0.16586800000000002 0.093636 0.024793 0.043802
0 0.140764 0.075041 0.026653 0.039669
0 0.15037199999999995 0.120496 0.018595 0.036364
0 0.16245900000000002 0.170909 0.017975 0.039669
0 0.15037199999999995 0.149008 0.018595 0.042149
0 0.05181800000000003 0.846116 0.014876 0.031405
0 0.049649000000000054 0.875041 0.019215 0.034711
0 0.029814000000000007 0.880413 0.013017 0.042149