0 0.599192 0.727704 0.022098 0.047431
0 0.581135 0.701114 0.026949 0.048868
0 0.45797699999999997 0.804959 0.027488 0.055336
0 0.425099 0.774057 0.023176 0.038088
0 0.43156700000000003 0.468631 0.028566 0.062522
0 0.223518 0.576069 0.033956 0.071865
0 0.29169999999999996 0.724111 0.023715 0.057492
0 0.18039899999999998 0.617391 0.017787 0.045275
0 0.170697 0.616673 0.016709 0.038088
0 0.21085200000000004 0.622063 0.020481 0.037370
0 0.23807 0.646497 0.016709 0.047431
0 0.22109199999999996 0.649371 0.022637 0.045994
0 0.208696 0.659073 0.015092 0.046712
0 0.20680900000000002 0.683866 0.018865 0.040244
0 0.23241100000000003 0.688538 0.017248 0.033777
0 0.21597200000000005 0.719799 0.021020 0.037370
0 0.20761799999999997 0.754294 0.023715 0.048868
0 0.012396999999999991 0.158462 0.017248 0.042400