0 0.200413 0.385188 0.025747 0.057851
0 0.218293 0.398538 0.020502 0.043865
0 0.212095 0.445900 0.026224 0.049587
0 0.080976 0.497330 0.020502 0.043865
0 0.060950 0.545645 0.020502 0.045137
0 0.098140 0.524984 0.022409 0.055944
0 0.117451 0.519580 0.020979 0.042594
0 0.149396 0.538652 0.020979 0.041322
0 0.126271 0.594596 0.017641 0.037508
0 0.110060 0.611443 0.019549 0.039415
0 0.067149 0.679784 0.015734 0.022250
0 0.070248 0.704259 0.018118 0.029243
0 0.131993 0.670248 0.017641 0.038779
0 0.151542 0.629561 0.017641 0.036236
0 0.178242 0.572982 0.017641 0.032422
0 0.169183 0.597139 0.022409 0.040051
0 0.175381 0.640051 0.019549 0.038144
0 0.198268 0.659123 0.022409 0.047044
0 0.224253 0.734456 0.021933 0.045137
0 0.220439 0.698856 0.019072 0.036236
0 0.219485 0.576160 0.016211 0.040051
0 0.273840 0.613032 0.017165 0.034965
0 0.262683 0.151939 0.013350 0.025429
0 0.307740 0.144946 0.016688 0.033058
0 0.331341 0.121106 0.013350 0.024793
0 0.343976 0.058805 0.015734 0.031151
0 0.340877 0.089002 0.015257 0.033058
0 0.392371 0.100445 0.020979 0.038144
0 0.381167 0.081055 0.019549 0.040051
0 0.397854 0.077877 0.017641 0.037508
0 0.423125 0.387985 0.018595 0.034965
0 0.541847 0.312778 0.017641 0.038144
0 0.547092 0.040369 0.023363 0.052765
0 0.698903 0.878067 0.022409 0.041958
0 0.700095 0.917165 0.023840 0.042594
0 0.737047 0.924476 0.020502 0.050858
0 0.716783 0.899682 0.026701 0.043229
0 0.790448 0.879021 0.017641 0.038779
0 0.791402 0.967069 0.018595 0.025429
0 0.851430 0.025111 0.020979 0.033694
0 0.783725 0.046726 0.017165 0.032422