0 0.400808 0.727704 0.022098 0.047431
0 0.418865 0.701114 0.026949 0.048868
0 0.542023 0.804959 0.027488 0.055336
0 0.574901 0.774057 0.023176 0.038088
0 0.568433 0.468631 0.028566 0.062522
0 0.776482 0.576069 0.033956 0.071865
0 0.708300 0.724111 0.023715 0.057492
0 0.819601 0.617391 0.017787 0.045275
0 0.829303 0.616673 0.016709 0.038088
0 0.789148 0.622063 0.020481 0.037370
0 0.761930 0.646497 0.016709 0.047431
0 0.778908 0.649371 0.022637 0.045994
0 0.791304 0.659073 0.015092 0.046712
0 0.793191 0.683866 0.018865 0.040244
0 0.767589 0.688538 0.017248 0.033777
0 0.784028 0.719799 0.021020 0.037370
0 0.792382 0.754294 0.023715 0.048868
0 0.987603 0.158462 0.017248 0.042400