0 0.178360 0.486516 0.028708 0.068291
0 0.251272 0.516311 0.029034 0.053067
0 0.286668 0.485211 0.031318 0.056981
0 0.273619 0.529796 0.030666 0.069595
0 0.248010 0.573510 0.030339 0.057851
0 0.340724 0.247934 0.025120 0.052197
0 0.367638 0.293388 0.027403 0.057851
0 0.453534 0.600565 0.014680 0.026533
0 0.496270 0.425011 0.025772 0.052632
0 0.573293 0.634102 0.022184 0.042627
0 0.643758 0.715659 0.013702 0.026533
0 0.625000 0.748499 0.012070 0.028708
0 0.623043 0.777860 0.014028 0.022184
0 0.600696 0.625489 0.022836 0.045237
0 0.613908 0.636146 0.014680 0.038712
0 0.631361 0.640931 0.023488 0.045672
0 0.649467 0.530666 0.017943 0.039147
0 0.665452 0.545237 0.014028 0.030883
0 0.788734 0.388125 0.015659 0.047412
0 0.956253 0.628317 0.017290 0.036103