0 0.164773 0.125620 0.022934 0.042975
0 0.217769 0.154132 0.019835 0.042149
0 0.221488 0.180165 0.022314 0.039669
0 0.239463 0.209091 0.021074 0.044628
0 0.232645 0.238017 0.022314 0.034711
0 0.084504 0.246694 0.016116 0.032231
0 0.071488 0.269835 0.014876 0.027273
0 0.052273 0.283058 0.013636 0.023967
0 0.445248 0.058264 0.024793 0.042149
0 0.751632 0.535041 0.029132 0.061157
0 0.801839 0.553636 0.022934 0.045455
0 0.838099 0.532149 0.029752 0.052066
0 0.825083 0.571405 0.026033 0.057851
0 0.798120 0.606529 0.024174 0.045455
0 0.974835 0.481074 0.023554 0.048760
0 0.892397 0.361983 0.019835 0.046281