0 0.083723 0.143370 0.017248 0.040963
0 0.128189 0.076177 0.015631 0.040244
0 0.137621 0.096299 0.018326 0.037370
0 0.145437 0.074739 0.015631 0.040244
0 0.107438 0.118577 0.017248 0.028746
0 0.107977 0.060007 0.018326 0.035214
0 0.054887 0.148401 0.010241 0.023715
0 0.045994 0.140496 0.015092 0.026590
0 0.047610 0.165649 0.011858 0.033777
0 0.270481 0.020122 0.023176 0.037370
0 0.294197 0.049946 0.018865 0.040963
0 0.304707 0.079411 0.016170 0.035214
0 0.318721 0.109235 0.017248 0.031621
0 0.303629 0.135106 0.021559 0.033058
0 0.174811 0.375422 0.014014 0.037370
0 0.032249 0.608049 0.014553 0.036651
0 0.024704 0.584333 0.018865 0.042400
0 0.441610 0.922817 0.025871 0.040963
0 0.484459 0.928926 0.021020 0.038807
0 0.439993 0.882213 0.022637 0.047431
0 0.457779 0.904132 0.032339 0.042400
0 0.545904 0.883291 0.023176 0.046712
0 0.296137 0.299677 0.023176 0.040244
0 0.568972 0.974201 0.019943 0.028746
0 0.769260 0.412936 0.018865 0.045994
0 0.795940 0.429105 0.018326 0.033777
0 0.815613 0.437729 0.018865 0.043838
0 0.789741 0.464319 0.025332 0.038088
0 0.823967 0.413654 0.016170 0.034495
0 0.853072 0.292562 0.016170 0.033777
0 0.896730 0.374129 0.020481 0.037370
0 0.936130 0.610923 0.011319 0.020841
0 0.931010 0.633561 0.011858 0.021559
0 0.945562 0.588645 0.009702 0.019404
0 0.927776 0.518577 0.015092 0.027309
0 0.949605 0.511750 0.013475 0.030902
0 0.966583 0.526842 0.015092 0.033777
0 0.894898 0.543011 0.011858 0.022997