0 0.799587 0.385188 0.025747 0.057851
0 0.781707 0.398538 0.020502 0.043865
0 0.787905 0.445900 0.026224 0.049587
0 0.919024 0.497330 0.020502 0.043865
0 0.93905 0.545645 0.020502 0.045137
0 0.90186 0.524984 0.022409 0.055944
0 0.882549 0.519580 0.020979 0.042594
0 0.850604 0.538652 0.020979 0.041322
0 0.873729 0.594596 0.017641 0.037508
0 0.88994 0.611443 0.019549 0.039415
0 0.932851 0.679784 0.015734 0.022250
0 0.929752 0.704259 0.018118 0.029243
0 0.868007 0.670248 0.017641 0.038779
0 0.8484579999999999 0.629561 0.017641 0.036236
0 0.821758 0.572982 0.017641 0.032422
0 0.830817 0.597139 0.022409 0.040051
0 0.824619 0.640051 0.019549 0.038144
0 0.801732 0.659123 0.022409 0.047044
0 0.775747 0.734456 0.021933 0.045137
0 0.779561 0.698856 0.019072 0.036236
0 0.780515 0.576160 0.016211 0.040051
0 0.72616 0.613032 0.017165 0.034965
0 0.737317 0.151939 0.013350 0.025429
0 0.69226 0.144946 0.016688 0.033058
0 0.668659 0.121106 0.013350 0.024793
0 0.6560239999999999 0.058805 0.015734 0.031151
0 0.659123 0.089002 0.015257 0.033058
0 0.607629 0.100445 0.020979 0.038144
0 0.618833 0.081055 0.019549 0.040051
0 0.6021460000000001 0.077877 0.017641 0.037508
0 0.576875 0.387985 0.018595 0.034965
0 0.45815300000000003 0.312778 0.017641 0.038144
0 0.452908 0.040369 0.023363 0.052765
0 0.30109699999999995 0.878067 0.022409 0.041958
0 0.299905 0.917165 0.023840 0.042594
0 0.262953 0.924476 0.020502 0.050858
0 0.28321700000000005 0.899682 0.026701 0.043229
0 0.20955199999999996 0.879021 0.017641 0.038779
0 0.20859799999999995 0.967069 0.018595 0.025429
0 0.14856999999999998 0.025111 0.020979 0.033694
0 0.216275 0.046726 0.017165 0.032422