0 0.7504770000000001 0.076287 0.023840 0.043229
0 0.7092339999999999 0.098220 0.017641 0.041322
0 0.700175 0.131278 0.021456 0.037508
0 0.6827719999999999 0.157661 0.022886 0.038144
0 0.6935 0.185315 0.019549 0.038779
0 0.865861 0.143039 0.017165 0.038144
0 0.857279 0.159250 0.016211 0.033694
0 0.878497 0.205340 0.011920 0.029243
0 0.991577 0.449332 0.016846 0.035601
0 0.945725 0.641958 0.015734 0.033058
0 0.951685 0.621615 0.017165 0.036872
0 0.984584 0.604450 0.014304 0.035601
0 0.983392 0.716338 0.016688 0.030515
0 0.979816 0.747489 0.017165 0.039415
0 0.45658 0.980992 0.020025 0.038016
0 0.46659300000000004 0.021615 0.019072 0.035601
0 0.18456799999999995 0.456326 0.022409 0.048315
0 0.14690099999999995 0.478258 0.015734 0.037508
0 0.15333799999999997 0.522759 0.020979 0.041322
0 0.12735200000000002 0.486205 0.022409 0.045772
0 0.11686300000000005 0.455690 0.024317 0.044501
0 0.10351200000000005 0.552320 0.011920 0.022886
0 0.018403999999999976 0.408646 0.016211 0.035601