0 0.730475 0.724628 0.021694 0.046281
0 0.715599 0.701074 0.024174 0.052066
0 0.602789 0.806859 0.022934 0.050413
0 0.573657 0.776281 0.025413 0.050413
0 0.615186 0.466942 0.030372 0.069421
0 0.39508299999999996 0.580248 0.028512 0.060331
0 0.355723 0.545124 0.027893 0.052893
0 0.336198 0.542645 0.017355 0.051240
0 0.31760299999999997 0.624463 0.019835 0.046281
0 0.321105 0.591062 0.022498 0.044689
0 0.282767 0.622896 0.016529 0.038567
0 0.28644000000000003 0.584634 0.018365 0.042853
0 0.34199599999999997 0.618916 0.022039 0.048975
0 0.36196799999999996 0.631160 0.027089 0.039180
0 0.374135 0.651974 0.022039 0.050199
0 0.38630200000000003 0.651362 0.022498 0.051423
0 0.352097 0.665136 0.020202 0.053260
0 0.33442000000000005 0.689930 0.016988 0.047750
0 0.36173900000000003 0.701561 0.020202 0.034282
0 0.338782 0.729415 0.018365 0.037343
0 0.32799199999999995 0.766758 0.025253 0.044689
0 0.13198600000000005 0.139333 0.018365 0.031833
0 0.09135300000000002 0.132293 0.014233 0.033670
0 0.11660499999999996 0.168717 0.015152 0.029385
0 0.12303299999999995 0.196572 0.015152 0.031221
0 0.13405299999999998 0.207285 0.014233 0.029385
0 0.044750999999999985 0.770860 0.012856 0.026936
0 0.04291400000000001 0.795041 0.012856 0.034894
0 0.294705 0.375635 0.026630 0.059994