0 0.127149 0.599669 0.016116 0.029752
0 0.213306 0.643058 0.019835 0.037190
0 0.202769 0.659587 0.012397 0.032231
0 0.291405 0.717851 0.019835 0.039669
0 0.278698 0.743471 0.015496 0.038017
0 0.363678 0.554628 0.028512 0.058678
0 0.416054 0.524876 0.031612 0.055372
0 0.442087 0.521157 0.024174 0.049587
0 0.470909 0.544711 0.023554 0.052066
0 0.440847 0.610000 0.026653 0.035537
0 0.417913 0.633141 0.025413 0.050413
0 0.403967 0.705041 0.026033 0.047107
0 0.475248 0.605455 0.023554 0.051240
0 0.497252 0.583141 0.020455 0.039669
0 0.494773 0.612479 0.024174 0.048760
0 0.531033 0.585620 0.021074 0.044628
0 0.463471 0.649256 0.019835 0.049587
0 0.504690 0.679421 0.020455 0.050413
0 0.521116 0.723223 0.024793 0.045455
0 0.477727 0.659587 0.017355 0.047107
0 0.526074 0.764545 0.029752 0.052066
0 0.589112 0.625289 0.021694 0.041322
0 0.573926 0.586446 0.030992 0.061157
0 0.539215 0.433719 0.024793 0.051240
0 0.535186 0.362397 0.031612 0.063636
0 0.548512 0.388017 0.019835 0.047107
0 0.694050 0.067190 0.024793 0.040496
0 0.710785 0.090744 0.016116 0.038017
0 0.834132 0.093636 0.024793 0.043802
0 0.859236 0.075041 0.026653 0.039669
0 0.849628 0.120496 0.018595 0.036364
0 0.837541 0.170909 0.017975 0.039669
0 0.849628 0.149008 0.018595 0.042149
0 0.948182 0.846116 0.014876 0.031405
0 0.950351 0.875041 0.019215 0.034711
0 0.970186 0.880413 0.013017 0.042149