0 0.249523 0.076287 0.023840 0.043229
0 0.290766 0.098220 0.017641 0.041322
0 0.299825 0.131278 0.021456 0.037508
0 0.317228 0.157661 0.022886 0.038144
0 0.306500 0.185315 0.019549 0.038779
0 0.134139 0.143039 0.017165 0.038144
0 0.142721 0.159250 0.016211 0.033694
0 0.121503 0.205340 0.011920 0.029243
0 0.008423 0.449332 0.016846 0.035601
0 0.054275 0.641958 0.015734 0.033058
0 0.048315 0.621615 0.017165 0.036872
0 0.015416 0.604450 0.014304 0.035601
0 0.016608 0.716338 0.016688 0.030515
0 0.020184 0.747489 0.017165 0.039415
0 0.543420 0.980992 0.020025 0.038016
0 0.533407 0.021615 0.019072 0.035601
0 0.815432 0.456326 0.022409 0.048315
0 0.853099 0.478258 0.015734 0.037508
0 0.846662 0.522759 0.020979 0.041322
0 0.872648 0.486205 0.022409 0.045772
0 0.883137 0.455690 0.024317 0.044501
0 0.896488 0.552320 0.011920 0.022886
0 0.981596 0.408646 0.016211 0.035601