0 0.916277 0.143370 0.017248 0.040963
0 0.871811 0.076177 0.015631 0.040244
0 0.862379 0.096299 0.018326 0.037370
0 0.854563 0.074739 0.015631 0.040244
0 0.892562 0.118577 0.017248 0.028746
0 0.892023 0.060007 0.018326 0.035214
0 0.945113 0.148401 0.010241 0.023715
0 0.954006 0.140496 0.015092 0.026590
0 0.95239 0.165649 0.011858 0.033777
0 0.729519 0.020122 0.023176 0.037370
0 0.705803 0.049946 0.018865 0.040963
0 0.6952929999999999 0.079411 0.016170 0.035214
0 0.681279 0.109235 0.017248 0.031621
0 0.6963710000000001 0.135106 0.021559 0.033058
0 0.825189 0.375422 0.014014 0.037370
0 0.967751 0.608049 0.014553 0.036651
0 0.975296 0.584333 0.018865 0.042400
0 0.5583899999999999 0.922817 0.025871 0.040963
0 0.515541 0.928926 0.021020 0.038807
0 0.5600069999999999 0.882213 0.022637 0.047431
0 0.5422210000000001 0.904132 0.032339 0.042400
0 0.45409600000000006 0.883291 0.023176 0.046712
0 0.703863 0.299677 0.023176 0.040244
0 0.43102799999999997 0.974201 0.019943 0.028746
0 0.23073999999999995 0.412936 0.018865 0.045994
0 0.20406000000000002 0.429105 0.018326 0.033777
0 0.18438699999999997 0.437729 0.018865 0.043838
0 0.21025899999999997 0.464319 0.025332 0.038088
0 0.176033 0.413654 0.016170 0.034495
0 0.14692799999999995 0.292562 0.016170 0.033777
0 0.10326999999999997 0.374129 0.020481 0.037370
0 0.06386999999999998 0.610923 0.011319 0.020841
0 0.06899 0.633561 0.011858 0.021559
0 0.054437999999999986 0.588645 0.009702 0.019404
0 0.07222399999999995 0.518577 0.015092 0.027309
0 0.05039499999999997 0.511750 0.013475 0.030902
0 0.03341700000000003 0.526842 0.015092 0.033777
0 0.10510200000000003 0.543011 0.011858 0.022997