0 0.293919 0.192943 0.023649 0.042793
0 0.245777 0.388889 0.021959 0.033784
0 0.315456 0.483483 0.026182 0.047297
0 0.513091 0.687312 0.029561 0.058559
0 0.252956 0.772898 0.021115 0.031532
0 0.277449 0.772898 0.016047 0.036036
0 0.260135 0.802177 0.020270 0.031532
0 0.217905 0.798799 0.013514 0.027027
0 0.203125 0.768956 0.019426 0.039414
0 0.149493 0.734610 0.018581 0.029279
0 0.256757 0.889452 0.018581 0.030405
0 0.253378 0.905218 0.016892 0.025901
0 0.589222 0.796015 0.017596 0.028966
0 0.842952 0.705862 0.015484 0.036599
0 0.862660 0.667386 0.018300 0.038476
0 0.809169 0.618118 0.018300 0.035661
0 0.715325 0.544138 0.018300 0.034722