0 0.060794 0.162012 0.007666 0.017495
0 0.108173 0.219851 0.012266 0.017086
0 0.114612 0.208202 0.010426 0.020765
0 0.107559 0.123180 0.008586 0.017495
0 0.064781 0.269311 0.011346 0.017904
0 0.057575 0.280960 0.009813 0.019130
0 0.023689 0.366595 0.008893 0.017086
0 0.146658 0.467762 0.011346 0.019947
0 0.165824 0.483908 0.012266 0.024444
0 0.172724 0.359033 0.013186 0.021582
0 0.178397 0.380493 0.010426 0.019539
0 0.198943 0.370478 0.014106 0.024852
0 0.205076 0.356172 0.012266 0.022400
0 0.192196 0.331646 0.011040 0.019130
0 0.318845 0.585484 0.012880 0.020765
0 0.327125 0.914533 0.015946 0.029757
0 0.286646 0.168348 0.010426 0.019539
0 0.312712 0.183881 0.010426 0.018721
0 0.462513 0.914166 0.018706 0.038014
0 0.467419 0.172231 0.008280 0.014225
0 0.412681 0.290362 0.011653 0.019947
0 0.497625 0.184698 0.007360 0.014633
0 0.680852 0.639236 0.011960 0.021991
0 0.625960 0.612462 0.013186 0.025670
0 0.635007 0.615528 0.011040 0.023626
0 0.808727 0.500463 0.011346 0.017495
0 0.812100 0.524375 0.010120 0.017086
0 0.818846 0.389076 0.013186 0.022809
0 0.711057 0.535616 0.011653 0.022400
0 0.750922 0.410945 0.010426 0.019947
0 0.799221 0.441397 0.009506 0.020356
0 0.822066 0.408942 0.009200 0.016759
