0 0.026032999999999973 0.849778 0.016211 0.036236
0 0.02317199999999997 0.875524 0.017165 0.039415
0 0.009345000000000048 0.874571 0.015257 0.037508
0 0.005865000000000009 0.890782 0.011729 0.030515
0 0.016259000000000023 0.769676 0.015734 0.038779
0 0.04272100000000001 0.838017 0.013350 0.036872
0 0.710045 0.189193 0.022886 0.045772
0 0.738652 0.292498 0.014304 0.036236
0 0.7255400000000001 0.302352 0.013827 0.035601
0 0.655451 0.368150 0.021456 0.047680
0 0.639717 0.326510 0.017641 0.047044
0 0.6061030000000001 0.295677 0.017165 0.051494
0 0.596805 0.236236 0.019549 0.050858
0 0.5779719999999999 0.346853 0.021933 0.044501
0 0.597044 0.359250 0.021933 0.042594
0 0.703131 0.414685 0.017641 0.047680
0 0.6871579999999999 0.437572 0.019072 0.048951
0 0.661173 0.442975 0.017641 0.043229
0 0.647346 0.486840 0.015734 0.043229
0 0.617784 0.500509 0.028131 0.056580
0 0.682867 0.497330 0.018118 0.042594
0 0.661173 0.517991 0.016688 0.040687
0 0.697886 0.556771 0.016688 0.047044
0 0.719819 0.566624 0.013827 0.036236
0 0.667133 0.553592 0.017165 0.039415
0 0.675477 0.580928 0.008106 0.033058
0 0.697886 0.626701 0.016688 0.043229
0 0.633757 0.577813 0.015257 0.032422
0 0.6237440000000001 0.732549 0.016211 0.042594
0 0.773935 0.846535 0.011443 0.034329
0 0.784663 0.847807 0.011920 0.038144
0 0.46073200000000003 0.818376 0.018595 0.056393
0 0.444689 0.818133 0.014949 0.047156