0 0.148977 0.083393 0.009574 0.014566
0 0.141548 0.089114 0.010565 0.024247
0 0.198993 0.151163 0.010565 0.018967
0 0.206586 0.145222 0.011885 0.020287
0 0.191070 0.152923 0.009244 0.018087
0 0.198498 0.164123 0.011555 0.022883
0 0.196682 0.053909 0.010565 0.023367
0 0.233988 0.105617 0.009904 0.014126
0 0.151122 0.199130 0.011885 0.025128
0 0.143694 0.211232 0.012876 0.022927
0 0.303648 0.283182 0.015187 0.019847
0 0.315698 0.308926 0.014196 0.021167
0 0.308105 0.323888 0.014196 0.022927
0 0.286151 0.332909 0.012545 0.018087
0 0.274100 0.309806 0.014196 0.024688
0 0.252641 0.436544 0.013536 0.023807
0 0.074530 0.304305 0.009244 0.019847
0 0.081958 0.340390 0.007593 0.013686
0 0.052740 0.363494 0.007923 0.013246
0 0.175388 0.310026 0.008254 0.014566
0 0.428772 0.151383 0.011885 0.020287
0 0.063965 0.319047 0.008584 0.016766
0 0.467894 0.554041 0.016177 0.028208
0 0.324942 0.797836 0.013536 0.024688
0 0.440822 0.805977 0.015517 0.026008
0 0.543661 0.857905 0.021129 0.048891
0 0.648646 0.829081 0.017167 0.031729
0 0.643529 0.842481 0.018158 0.031244
0 0.655414 0.856805 0.015517 0.029968
0 0.572384 0.179107 0.009244 0.013246
0 0.867531 0.405520 0.014526 0.022487
0 0.851684 0.502114 0.009904 0.017647
0 0.852179 0.526977 0.009574 0.017206
0 0.767663 0.618510 0.010895 0.018087
