0 0.579730 0.819219 0.024324 0.059459
0 0.575000 0.876426 0.031081 0.054955
0 0.602027 0.848949 0.029730 0.061261
0 0.600338 0.815616 0.023649 0.045045
0 0.596622 0.885435 0.020270 0.038739
0 0.470270 0.683634 0.018919 0.040541
0 0.207844 0.820440 0.019095 0.038190
0 0.296710 0.718599 0.020564 0.042107
0 0.137706 0.770988 0.018361 0.041128
0 0.133666 0.804283 0.017626 0.031336
0 0.288509 0.748466 0.021298 0.037211
0 0.210292 0.748466 0.017626 0.039170
0 0.197806 0.744059 0.014689 0.034273
0 0.094619 0.696566 0.015423 0.033294
0 0.090947 0.651521 0.018361 0.035253
0 0.068914 0.679919 0.021298 0.035253
0 0.060101 0.711744 0.019830 0.034273
0 0.036232 0.684326 0.017626 0.036232
0 0.049452 0.650542 0.017626 0.035253
0 0.164023 0.747160 0.023502 0.045045
0 0.346896 0.800692 0.024971 0.039170
0 0.374070 0.772294 0.020564 0.045045
0 0.347630 0.774253 0.020564 0.037211