0 0.222333 0.177286 0.009503 0.018715
0 0.277514 0.054083 0.011956 0.021576
0 0.058630 0.286594 0.007051 0.014220
0 0.053265 0.296851 0.008584 0.016754
0 0.091738 0.158080 0.008277 0.013812
0 0.439224 0.323984 0.014715 0.022802
0 0.389102 0.423690 0.011343 0.018715
0 0.457618 0.565076 0.011649 0.024436
0 0.458384 0.546279 0.014408 0.026071
0 0.447961 0.560581 0.013795 0.022802
0 0.343424 0.809028 0.013795 0.022802
0 0.362728 0.433014 0.013144 0.027961
0 0.446151 0.238327 0.013144 0.024027
0 0.444139 0.343233 0.007511 0.025029
0 0.478474 0.374912 0.015021 0.023312
0 0.520856 0.594448 0.011803 0.023312
0 0.485582 0.538492 0.011534 0.025100
0 0.560823 0.511675 0.012339 0.023670
0 0.575845 0.474311 0.012876 0.027603
0 0.539767 0.459651 0.014753 0.024027
0 0.657524 0.297824 0.010998 0.025744
0 0.656451 0.325033 0.012071 0.020809
0 0.542047 0.680976 0.011803 0.024027
0 0.573163 0.663277 0.013412 0.025815
0 0.719085 0.482356 0.010730 0.020094
0 0.704466 0.341123 0.012607 0.025100
0 0.732229 0.351135 0.011266 0.020094
0 0.738801 0.356498 0.010998 0.020809
0 0.761065 0.427472 0.012607 0.022597
0 0.773404 0.458936 0.013680 0.024743
0 0.776757 0.399762 0.011803 0.023670
0 0.785877 0.379202 0.011266 0.019022
0 0.787889 0.357570 0.009925 0.022955
0 0.757980 0.320206 0.013412 0.026173
0 0.771392 0.312519 0.010730 0.020809
0 0.745507 0.287490 0.015290 0.025815
0 0.800496 0.442847 0.012071 0.020452
0 0.844354 0.441595 0.006974 0.013658
0 0.836709 0.290530 0.010461 0.016876
0 0.863935 0.314843 0.009120 0.016161
0 0.868361 0.327679 0.008852 0.018950
0 0.809348 0.496122 0.009925 0.015446
