0 0.6688430000000001 0.684562 0.019339 0.051570
0 0.650744 0.693488 0.017851 0.048264
0 0.638347 0.705719 0.017851 0.043636
0 0.620744 0.789025 0.018347 0.052893
0 0.609835 0.776132 0.016364 0.054876
0 0.5704130000000001 0.781091 0.018843 0.043636
0 0.56595 0.757289 0.011901 0.035702
0 0.553802 0.767207 0.020331 0.046281
0 0.879835 0.819769 0.023802 0.049587
0 0.904132 0.731835 0.016860 0.041653
0 0.900165 0.706050 0.014876 0.046942
0 0.930413 0.659107 0.019835 0.039008
0 0.977025 0.679273 0.022810 0.046281
0 0.981488 0.761256 0.017851 0.034380
0 0.986942 0.785388 0.017851 0.042975
0 0.967603 0.740760 0.015868 0.042314
0 0.953471 0.753653 0.014380 0.041653
0 0.961901 0.773157 0.011405 0.035702
0 0.948264 0.797620 0.014876 0.044959
0 0.929917 0.741091 0.017851 0.042975
0 0.943802 0.748364 0.017851 0.040331
0 0.839669 0.693818 0.011901 0.027769
0 0.560198 0.275702 0.027769 0.050248
0 0.580033 0.333554 0.018843 0.048264
0 0.08252899999999996 0.203967 0.015372 0.035041
0 0.043107000000000006 0.234050 0.019835 0.044959
0 0.05971899999999997 0.227107 0.009421 0.031074
0 0.09170199999999995 0.262479 0.015868 0.033058
0 0.08004999999999995 0.249917 0.014380 0.029091
0 0.09740499999999996 0.253554 0.013388 0.027107