0 0.443735 0.238070 0.019595 0.043188
0 0.41774199999999995 0.235404 0.021194 0.045321
0 0.40814399999999995 0.224740 0.018795 0.042122
0 0.389949 0.207678 0.020794 0.046388
0 0.323967 0.127753 0.020794 0.050120
0 0.271381 0.144761 0.021994 0.053852
0 0.211997 0.141562 0.023994 0.046388
0 0.14765399999999995 0.275287 0.022794 0.048520
0 0.16305000000000003 0.320874 0.021594 0.052253
0 0.342762 0.284084 0.021594 0.049054
0 0.31516900000000003 0.283818 0.017595 0.039989
0 0.39254900000000004 0.305678 0.018795 0.045321
0 0.35096000000000005 0.311810 0.017195 0.058651
0 0.401946 0.324340 0.013596 0.044255
0 0.190762 0.374194 0.019595 0.053319
0 0.19716100000000003 0.416316 0.021194 0.047987
0 0.18736299999999995 0.452573 0.015996 0.060784
0 0.22095399999999998 0.506958 0.015196 0.051186
0 0.240749 0.517889 0.023594 0.054919
0 0.22815200000000002 0.543748 0.020794 0.047987
0 0.22735300000000003 0.585870 0.018395 0.052253
0 0.24734699999999998 0.615729 0.019195 0.042655
0 0.22895200000000004 0.635724 0.019195 0.052786
0 0.27314000000000005 0.590669 0.021194 0.054385
0 0.21375599999999995 0.808584 0.011997 0.036790
0 0.19935999999999998 0.812850 0.014396 0.043188
0 0.706825 0.389390 0.010397 0.030392
0 0.718422 0.388323 0.009597 0.019728
0 0.68823 0.389656 0.010797 0.021328