0 0.902479 0.865266 0.014168 0.042503
0 0.915762 0.864793 0.013813 0.039669
0 0.926033 0.885337 0.015939 0.037308
0 0.9159390000000001 0.900685 0.015584 0.035891
0 0.920012 0.914144 0.013105 0.042975
0 0.864227 0.478772 0.014876 0.041558
0 0.886009 0.419976 0.014522 0.041086
0 0.7484770000000001 0.665455 0.009917 0.024085
0 0.746883 0.686942 0.010272 0.024557
0 0.08943299999999998 0.776198 0.010980 0.030224
0 0.08695399999999998 0.807131 0.013105 0.039197
0 0.07827600000000001 0.805006 0.011334 0.033058
0 0.174616 0.638253 0.009209 0.025974