0 0.036654 0.608203 0.014233 0.033670
0 0.027931 0.622896 0.010560 0.028773
0 0.063514 0.602081 0.013774 0.023875
0 0.060300 0.646771 0.007346 0.022651
0 0.080272 0.650750 0.012397 0.031833
0 0.087159 0.635139 0.009642 0.028773
0 0.051347 0.684726 0.012397 0.026324
0 0.051347 0.658402 0.010560 0.026324
0 0.096342 0.712274 0.013315 0.028773
0 0.071090 0.666054 0.011478 0.030609
0 0.847582 0.521396 0.016988 0.042241
0 0.852632 0.510683 0.012397 0.037955
0 0.885920 0.442730 0.015611 0.042853
0 0.876737 0.475176 0.015611 0.040404
0 0.885690 0.473646 0.014233 0.044689
0 0.876278 0.407530 0.016529 0.036119
0 0.886838 0.362534 0.017447 0.042853
0 0.895103 0.328558 0.016529 0.038567
0 0.776875 0.321824 0.019743 0.039792
0 0.732568 0.332231 0.019284 0.037343
0 0.763330 0.345393 0.018365 0.045301
0 0.734864 0.274564 0.020202 0.041016
0 0.691246 0.268442 0.020202 0.042241
0 0.757591 0.255892 0.019743 0.042853
0 0.736930 0.263238 0.015152 0.034282
0 0.795011 0.193450 0.019284 0.044077
0 0.833808 0.217325 0.022498 0.052648
0 0.881328 0.227426 0.017447 0.042241
0 0.708923 0.159780 0.017906 0.037955
0 0.750015 0.071931 0.013774 0.038567
0 0.365259 0.373248 0.014692 0.033670