0 0.883238 0.785555 0.018865 0.040963
0 0.6312610000000001 0.822566 0.020481 0.045994
0 0.6304529999999999 0.803881 0.017787 0.047431
0 0.648509 0.774416 0.025871 0.057492
0 0.54691 0.703989 0.022098 0.057492
0 0.539903 0.660151 0.019943 0.047431
0 0.487352 0.787711 0.020481 0.051024
0 0.46148 0.806037 0.022637 0.066116
0 0.47064300000000003 0.861732 0.028027 0.065397
0 0.471182 0.957672 0.031261 0.056055
0 0.46714 0.921739 0.029644 0.064678
0 0.44638900000000004 0.835142 0.022637 0.053899
0 0.45312600000000003 0.884010 0.021020 0.053899
0 0.40946800000000005 0.820050 0.027488 0.066834
0 0.39868800000000004 0.876105 0.021020 0.058211
0 0.370931 0.877183 0.018326 0.050305
0 0.373356 0.818972 0.024254 0.054617
0 0.35529999999999995 0.806755 0.019404 0.058929
0 0.34748500000000004 0.820410 0.019943 0.057492
0 0.33347099999999996 0.861732 0.024254 0.051024
0 0.330237 0.777291 0.022098 0.050305
0 0.327812 0.718002 0.020481 0.059648
0 0.27930299999999997 0.727345 0.016170 0.039526
0 0.16546899999999998 0.768667 0.007546 0.025871
0 0.16061800000000004 0.784477 0.007546 0.028746
0 0.16978099999999996 0.783399 0.007546 0.030902
0 0.26868499999999995 0.663385 0.011319 0.039526
0 0.261409 0.656917 0.011858 0.032339
0 0.415828 0.766080 0.021020 0.051743
0 0.507186 0.497018 0.022637 0.045994
0 0.47835099999999997 0.236507 0.021020 0.043838