0 0.239164 0.024535 0.013906 0.023935
0 0.268257 0.064752 0.015736 0.028322
0 0.274112 0.039890 0.015736 0.026372
0 0.260389 0.046471 0.013906 0.026860
0 0.228003 0.076451 0.012808 0.027347
0 0.259474 0.086688 0.012808 0.027347
0 0.243373 0.195638 0.015736 0.027835
0 0.219586 0.131535 0.015004 0.031247
0 0.150604 0.154203 0.012442 0.024910
0 0.146944 0.185888 0.013174 0.024910
0 0.136149 0.200025 0.011345 0.020035
0 0.187931 0.242191 0.012442 0.027347
0 0.142370 0.249991 0.010613 0.027347
0 0.150604 0.267540 0.013906 0.024422
0 0.404208 0.416706 0.021225 0.053671
0 0.081622 0.393308 0.013540 0.030272
0 0.121145 0.412075 0.013540 0.031734
0 0.135234 0.432549 0.013906 0.026860
0 0.127366 0.459360 0.013540 0.026860
0 0.075584 0.436449 0.014638 0.031734
0 0.131025 0.531750 0.018664 0.031247
0 0.131025 0.559048 0.014272 0.033197
0 0.154263 0.591952 0.018298 0.038559
0 0.099553 0.586103 0.016468 0.035634
0 0.048320 0.600727 0.016468 0.033684
0 0.021972 0.588296 0.010613 0.020523
0 0.047039 0.658980 0.013174 0.029297
0 0.055273 0.700902 0.012076 0.027347
0 0.079975 0.576841 0.014638 0.031734
0 0.108519 0.641674 0.017566 0.033684
0 0.103030 0.670435 0.015370 0.034659
0 0.142187 0.661661 0.016834 0.037584
0 0.161399 0.694565 0.015736 0.039047
0 0.140174 0.832276 0.017200 0.041484
0 0.171646 0.773779 0.017932 0.042459
0 0.131391 0.748918 0.017932 0.042459
0 0.110532 0.740631 0.015736 0.032709
0 0.007151 0.823812 0.011710 0.028810
0 0.150238 0.737042 0.013906 0.033684
0 0.302657 0.690488 0.017932 0.046846
0 0.289299 0.695363 0.017566 0.047821
0 0.266793 0.595187 0.018664 0.042459
0 0.259291 0.579588 0.015370 0.042459
0 0.191590 0.408486 0.013174 0.027835
0 0.344558 0.492996 0.016834 0.049283
0 0.333580 0.503720 0.014638 0.042459
0 0.428544 0.568554 0.022323 0.052208
0 0.466054 0.765005 0.024885 0.051233
0 0.533023 0.791816 0.021957 0.054158
0 0.581329 0.605424 0.024153 0.058058
0 0.624511 0.604450 0.021957 0.054158
0 0.614814 0.668796 0.025983 0.052208
0 0.620669 0.661971 0.023787 0.050258
0 0.646834 0.641497 0.024885 0.053183
0 0.658911 0.604937 0.024885 0.057083
0 0.636588 0.565939 0.023421 0.060008
0 0.540342 0.445290 0.025617 0.050746
0 0.574559 0.360470 0.025251 0.051721
0 0.571997 0.306360 0.020859 0.044896
0 0.624877 0.452846 0.026349 0.063908
0 0.646651 0.460889 0.020859 0.049771
0 0.682515 0.161027 0.026714 0.042459
0 0.698251 0.430575 0.023055 0.058009
0 0.721306 0.444980 0.030374 0.059520
0 0.697153 0.500040 0.024519 0.065321
0 0.709046 0.548543 0.024153 0.056059
