0 0.820946 0.029279 0.060811 0.054054
0 0.69848 0.417793 0.059122 0.105856
0 0.530405 0.313063 0.047297 0.090090
0 0.46706099999999995 0.186937 0.038851 0.076577
0 0.41131799999999996 0.130631 0.048986 0.085586
0 0.434122 0.111486 0.037162 0.069820
0 0.410473 0.592342 0.043919 0.081081
0 0.368243 0.648649 0.047297 0.076577
0 0.298986 0.710586 0.043919 0.078829
0 0.845439 0.652027 0.065878 0.123874
0 0.842061 0.353604 0.059122 0.099099
0 0.8868240000000001 0.313063 0.064189 0.099099
0 0.95777 0.256757 0.067568 0.076577
0 0.953547 0.349099 0.069257 0.108108
0 0.23902 0.156532 0.059122 0.096847
0 0.340372 0.222973 0.042230 0.081081
0 0.36317600000000005 0.195946 0.043919 0.090090
0 0.516892 0.718468 0.054054 0.126126
0 0.646115 0.828829 0.042230 0.085586