0 0.116762 0.785555 0.018865 0.040963
0 0.368739 0.822566 0.020481 0.045994
0 0.369547 0.803881 0.017787 0.047431
0 0.351491 0.774416 0.025871 0.057492
0 0.453090 0.703989 0.022098 0.057492
0 0.460097 0.660151 0.019943 0.047431
0 0.512648 0.787711 0.020481 0.051024
0 0.538520 0.806037 0.022637 0.066116
0 0.529357 0.861732 0.028027 0.065397
0 0.528818 0.957672 0.031261 0.056055
0 0.532860 0.921739 0.029644 0.064678
0 0.553611 0.835142 0.022637 0.053899
0 0.546874 0.884010 0.021020 0.053899
0 0.590532 0.820050 0.027488 0.066834
0 0.601312 0.876105 0.021020 0.058211
0 0.629069 0.877183 0.018326 0.050305
0 0.626644 0.818972 0.024254 0.054617
0 0.644700 0.806755 0.019404 0.058929
0 0.652515 0.820410 0.019943 0.057492
0 0.666529 0.861732 0.024254 0.051024
0 0.669763 0.777291 0.022098 0.050305
0 0.672188 0.718002 0.020481 0.059648
0 0.720697 0.727345 0.016170 0.039526
0 0.834531 0.768667 0.007546 0.025871
0 0.839382 0.784477 0.007546 0.028746
0 0.830219 0.783399 0.007546 0.030902
0 0.731315 0.663385 0.011319 0.039526
0 0.738591 0.656917 0.011858 0.032339
0 0.584172 0.766080 0.021020 0.051743
0 0.492814 0.497018 0.022637 0.045994
0 0.521649 0.236507 0.021020 0.043838