0 0.151122 0.482113 0.018595 0.046635
0 0.164182 0.470897 0.013725 0.040732
0 0.245691 0.726859 0.015939 0.044274
0 0.289621 0.738843 0.015314 0.039864
0 0.303476 0.750754 0.015314 0.040350
0 0.309857 0.809820 0.015678 0.035975
0 0.588381 0.736412 0.020418 0.058337
0 0.589657 0.680749 0.017866 0.044239
0 0.662615 0.630530 0.020418 0.049587
0 0.665350 0.593097 0.020053 0.040836
0 0.759966 0.843802 0.022606 0.052018
0 0.756320 0.807341 0.018230 0.038405
0 0.746111 0.789353 0.018230 0.046184
0 0.769263 0.758969 0.017866 0.058337
0 0.772910 0.794944 0.016407 0.036947
0 0.787859 0.771123 0.012761 0.033058
0 0.791322 0.786437 0.014584 0.030627
0 0.826689 0.771609 0.017501 0.041808
0 0.755955 0.742392 0.016043 0.044239
0 0.742465 0.713223 0.016772 0.050073
0 0.722411 0.702042 0.018230 0.050073
0 0.777941 0.712251 0.018595 0.050073
0 0.819871 0.725620 0.017137 0.062227
0 0.800182 0.733884 0.015678 0.044725
0 0.766091 0.664706 0.018960 0.051045
0 0.791067 0.678318 0.017866 0.050073
0 0.735282 0.662518 0.020783 0.053476
0 0.744944 0.678075 0.014584 0.037919
0 0.689888 0.584200 0.018960 0.051045
0 0.671475 0.555275 0.015678 0.039864
0 0.706478 0.605348 0.017866 0.038892
0 0.703196 0.542392 0.022241 0.063685
0 0.724708 0.545795 0.017866 0.055907
0 0.845467 0.644628 0.019324 0.045698
0 0.853306 0.738697 0.011667 0.025766
0 0.704108 0.213904 0.018230 0.048614
0 0.720333 0.224842 0.014949 0.042295
0 0.687773 0.649149 0.006563 0.017987
0 0.855421 0.756101 0.008021 0.023821
0 0.847764 0.754886 0.010938 0.023335