0 0.024927 0.374034 0.021594 0.052786
0 0.071314 0.379099 0.022394 0.053319
0 0.077913 0.427619 0.022794 0.049054
0 0.105105 0.400960 0.021194 0.061850
0 0.124100 0.418822 0.023994 0.062383
0 0.143895 0.370834 0.022794 0.052786
0 0.161090 0.410291 0.022794 0.063450
0 0.180885 0.427886 0.020794 0.051720
0 0.272581 0.371314 0.026793 0.046921
0 0.263183 0.297734 0.023194 0.057585
0 0.282578 0.321994 0.025193 0.052786
0 0.299374 0.203946 0.022794 0.046388
0 0.301973 0.258331 0.023194 0.036790
0 0.293175 0.230605 0.024793 0.046388
0 0.496841 0.135431 0.010797 0.017062
0 0.500240 0.149560 0.008798 0.016529
0 0.490842 0.147161 0.012397 0.023460
0 0.659877 0.212743 0.019995 0.038390
0 0.695668 0.173820 0.015596 0.035191
0 0.720461 0.185551 0.019595 0.040523
0 0.755452 0.187683 0.021594 0.040523
0 0.698267 0.229539 0.017595 0.042122
0 0.683271 0.227406 0.020395 0.047454
0 0.684471 0.283658 0.015596 0.031991
0 0.701266 0.331112 0.014796 0.030925
0 0.712463 0.344175 0.015596 0.035724
0 0.789083 0.152226 0.024393 0.054919
0 0.824673 0.158624 0.021994 0.050653
0 0.553306 0.905145 0.023594 0.043722
0 0.575300 0.772914 0.021194 0.040523
0 0.166089 0.912610 0.025593 0.040523
0 0.046121 0.882751 0.016796 0.035191
0 0.410428 0.717647 0.028439 0.059310
0 0.509237 0.872241 0.026252 0.049587