0 0.848878 0.482113 0.018595 0.046635
0 0.835818 0.470897 0.013725 0.040732
0 0.754309 0.726859 0.015939 0.044274
0 0.710379 0.738843 0.015314 0.039864
0 0.6965239999999999 0.750754 0.015314 0.040350
0 0.690143 0.809820 0.015678 0.035975
0 0.41161899999999996 0.736412 0.020418 0.058337
0 0.410343 0.680749 0.017866 0.044239
0 0.33738500000000005 0.630530 0.020418 0.049587
0 0.33465 0.593097 0.020053 0.040836
0 0.24003399999999997 0.843802 0.022606 0.052018
0 0.24368 0.807341 0.018230 0.038405
0 0.25388900000000003 0.789353 0.018230 0.046184
0 0.23073699999999997 0.758969 0.017866 0.058337
0 0.22709000000000001 0.794944 0.016407 0.036947
0 0.21214100000000002 0.771123 0.012761 0.033058
0 0.20867800000000003 0.786437 0.014584 0.030627
0 0.173311 0.771609 0.017501 0.041808
0 0.24404499999999996 0.742392 0.016043 0.044239
0 0.25753499999999996 0.713223 0.016772 0.050073
0 0.277589 0.702042 0.018230 0.050073
0 0.222059 0.712251 0.018595 0.050073
0 0.18012899999999998 0.725620 0.017137 0.062227
0 0.19981800000000005 0.733884 0.015678 0.044725
0 0.23390900000000003 0.664706 0.018960 0.051045
0 0.20893300000000004 0.678318 0.017866 0.050073
0 0.264718 0.662518 0.020783 0.053476
0 0.25505599999999995 0.678075 0.014584 0.037919
0 0.31011200000000005 0.584200 0.018960 0.051045
0 0.32852499999999996 0.555275 0.015678 0.039864
0 0.29352199999999995 0.605348 0.017866 0.038892
0 0.29680399999999996 0.542392 0.022241 0.063685
0 0.275292 0.545795 0.017866 0.055907
0 0.15453300000000003 0.644628 0.019324 0.045698
0 0.146694 0.738697 0.011667 0.025766
0 0.29589200000000004 0.213904 0.018230 0.048614
0 0.279667 0.224842 0.014949 0.042295
0 0.31222700000000003 0.649149 0.006563 0.017987
0 0.144579 0.756101 0.008021 0.023821
0 0.15223600000000004 0.754886 0.010938 0.023335