0 0.761969 0.456027 0.014962 0.051867
0 0.771374 0.468282 0.020946 0.053577
0 0.782915 0.452323 0.016671 0.049017
0 0.683998 0.734169 0.019236 0.053007
0 0.648732 0.649815 0.014534 0.043887
0 0.635266 0.669194 0.016671 0.043887
0 0.631847 0.763636 0.016671 0.042177
0 0.6374040000000001 0.812938 0.021801 0.043887
0 0.628042 0.596352 0.022229 0.050727
0 0.318681 0.708350 0.025221 0.055856
0 0.18039300000000003 0.783300 0.022229 0.047307
0 0.18744700000000003 0.755087 0.015816 0.034198
0 0.20860599999999996 0.741978 0.017099 0.041037
0 0.21843800000000002 0.753662 0.011114 0.035908
0 0.222499 0.718609 0.010687 0.025078
0 0.22143100000000004 0.669877 0.019664 0.053007
0 0.21053 0.633970 0.017526 0.043887
0 0.18766000000000005 0.633400 0.017099 0.040467
0 0.16564500000000004 0.668738 0.014107 0.038188
0 0.13422599999999996 0.677287 0.013679 0.046167
0 0.16820999999999997 0.709490 0.014962 0.046737
0 0.15966100000000005 0.725449 0.011542 0.043317
0 0.19535499999999995 0.701225 0.016244 0.041607
0 0.17889699999999997 0.731433 0.012397 0.041607
0 0.23703300000000005 0.588658 0.017526 0.037618
0 0.270162 0.611741 0.013679 0.042747
0 0.23917100000000002 0.536962 0.020946 0.049587
0 0.21608700000000003 0.538102 0.013252 0.042747
0 0.25285 0.571901 0.016671 0.044457
0 0.394617 0.642424 0.006357 0.017800
0 0.399385 0.644755 0.006993 0.019072