0 0.070383 0.823898 0.026023 0.071220
0 0.100286 0.894205 0.024653 0.059654
0 0.172876 0.747809 0.031045 0.062698
0 0.225606 0.784332 0.024196 0.042001
0 0.279249 0.833942 0.015522 0.025566
0 0.488039 0.616732 0.030131 0.068785
0 0.367723 0.826403 0.012128 0.021945
0 0.339137 0.845461 0.012994 0.024255
0 0.303188 0.842862 0.009529 0.019058
0 0.596630 0.846712 0.012561 0.024833
0 0.626516 0.853931 0.011694 0.020790
0 0.656618 0.842670 0.006930 0.012128
0 0.765549 0.781743 0.020357 0.046200
0 0.666075 0.834200 0.007363 0.010973