0 0.693939 0.131230 0.017280 0.028049
0 0.49461599999999994 0.218382 0.017280 0.031054
0 0.461558 0.216379 0.016529 0.026046
0 0.39450300000000005 0.271976 0.019910 0.035061
0 0.26418699999999995 0.241072 0.012021 0.023541
0 0.25141500000000006 0.263361 0.011270 0.024042
0 0.33330800000000005 0.298422 0.018783 0.026046
0 0.196419 0.396694 0.014275 0.024042
0 0.205059 0.464563 0.015026 0.030553
0 0.19247400000000003 0.465314 0.013899 0.031054
0 0.192662 0.515903 0.014275 0.028049
0 0.20449499999999998 0.538693 0.016905 0.029552
0 0.16786900000000005 0.554220 0.014275 0.032557
0 0.18458600000000003 0.596294 0.017656 0.034560
0 0.27282700000000004 0.515652 0.015026 0.030553
0 0.295555 0.511145 0.013899 0.033559
0 0.30701199999999995 0.449036 0.021788 0.038567
0 0.32635899999999995 0.440270 0.014651 0.029051
0 0.34683200000000003 0.408966 0.015778 0.025545
0 0.334623 0.468320 0.013899 0.031054
0 0.35791399999999995 0.492612 0.018407 0.036564
0 0.39115999999999995 0.518908 0.018783 0.034060
0 0.36542699999999995 0.508390 0.018407 0.037065
0 0.34082100000000004 0.534686 0.018783 0.039569
0 0.35040099999999996 0.528675 0.015402 0.033559
0 0.352467 0.590183 0.018783 0.036564
0 0.337253 0.597446 0.013899 0.034060
0 0.24765800000000004 0.654545 0.021037 0.036063
0 0.32094900000000004 0.688254 0.019159 0.038567
0 0.348372 0.680741 0.018407 0.031555
0 0.203932 0.701027 0.018032 0.036063
0 0.21482599999999996 0.714050 0.015026 0.038067
0 0.271926 0.786376 0.019534 0.033058
0 0.24919899999999995 0.783371 0.013899 0.028049
0 0.46801899999999996 0.636865 0.019534 0.038567
0 0.451302 0.644628 0.017656 0.037065
0 0.444728 0.657400 0.016529 0.039569
0 0.470649 0.672176 0.020285 0.035061
0 0.5038940000000001 0.735788 0.020661 0.039068
0 0.453368 0.743050 0.021037 0.041573
0 0.612196 0.679890 0.020285 0.033058
0 0.6133230000000001 0.653093 0.016529 0.031555
0 0.626096 0.567543 0.015026 0.029552
0 0.501753 0.547508 0.019534 0.033559
0 0.640934 0.598848 0.018407 0.026046
0 0.640371 0.615878 0.017280 0.030053
0 0.678876 0.564037 0.016905 0.034560
0 0.721325 0.661608 0.017656 0.036564
0 0.649574 0.486251 0.012397 0.024042
0 0.631918 0.502029 0.014651 0.026546
0 0.727373 0.390133 0.015778 0.033559
0 0.7031430000000001 0.338593 0.014651 0.030053
0 0.683233 0.334836 0.018407 0.034560
0 0.712534 0.286251 0.016905 0.026546
0 0.763436 0.370148 0.012772 0.025044
0 0.769259 0.405710 0.016153 0.024042
0 0.776772 0.436013 0.011645 0.020536
0 0.8242929999999999 0.456299 0.013524 0.025044
0 0.7472829999999999 0.501377 0.015026 0.029051
0 0.731881 0.507889 0.015026 0.031054
0 0.738267 0.537941 0.015778 0.023040
0 0.780491 0.568395 0.012772 0.028049
0 0.78406 0.589682 0.015402 0.028550
0 0.828199 0.570649 0.014275 0.029552
0 0.828012 0.641523 0.010894 0.026046
0 0.794578 0.635512 0.012397 0.025044
0 0.822377 0.684598 0.010143 0.016028
0 0.844728 0.738192 0.010518 0.021037
0 0.827448 0.739444 0.012021 0.026546
0 0.80566 0.774505 0.009767 0.022539
0 0.7970200000000001 0.785024 0.009767 0.022539
0 0.733158 0.840671 0.014275 0.026046
0 0.6785 0.856950 0.018407 0.034560
0 0.701603 0.893263 0.015778 0.027047
0 0.411331 0.451849 0.022836 0.038278
0 0.517355 0.326142 0.018269 0.028708
0 0.5773809999999999 0.329187 0.018269 0.031318