0 0.862523 0.913361 0.021006 0.050046
0 0.927089 0.976722 0.020661 0.040863
0 0.755774 0.843343 0.024449 0.060606
0 0.740622 0.872957 0.025826 0.050046
0 0.679844 0.858494 0.024793 0.054178
0 0.690794 0.806795 0.014463 0.052342
0 0.774644 0.699633 0.021006 0.035813
0 0.6307389999999999 0.813223 0.024105 0.061524
0 0.7013309999999999 0.763407 0.015152 0.042700
0 0.541724 0.975849 0.024449 0.048301
0 0.5100439999999999 0.974197 0.019628 0.045914
0 0.5065999999999999 0.926446 0.018251 0.045914
0 0.488005 0.932186 0.018939 0.052801
0 0.449265 0.911524 0.022039 0.050046
0 0.480085 0.981818 0.022383 0.036364
0 0.349506 0.919100 0.021006 0.044077
0 0.341414 0.951928 0.020661 0.042700
0 0.31489900000000004 0.952617 0.017906 0.043159
0 0.18931399999999998 0.931267 0.016873 0.039027
0 0.24595999999999996 0.849311 0.019284 0.048669
0 0.31741299999999995 0.833930 0.019628 0.052801
0 0.38283999999999996 0.809137 0.023072 0.052801
0 0.30759899999999996 0.800872 0.021350 0.048209
0 0.412385 0.772406 0.026515 0.059229
0 0.36589799999999995 0.715748 0.023072 0.054637
0 0.21142099999999997 0.655051 0.016873 0.046373
0 0.220202 0.696373 0.020661 0.049128
0 0.22467899999999996 0.640129 0.015152 0.050505
0 0.251366 0.630946 0.021006 0.056015
0 0.27994699999999995 0.676860 0.029959 0.051423
0 0.18645500000000004 0.535537 0.022727 0.054178
0 0.16441700000000004 0.415932 0.017218 0.042700
0 0.156841 0.444628 0.015840 0.040404
0 0.13617999999999997 0.455188 0.017906 0.041322
0 0.12343899999999997 0.448990 0.014463 0.045455
0 0.11448599999999998 0.449219 0.013085 0.038567
0 0.12946500000000005 0.484573 0.011364 0.040404
0 0.279775 0.501332 0.022039 0.051882
0 0.312144 0.546097 0.027548 0.065197
0 0.36159300000000005 0.603811 0.021350 0.059229
0 0.33318400000000004 0.632277 0.020317 0.060147
0 0.37691699999999995 0.523691 0.023072 0.057851
0 0.427261 0.628145 0.018251 0.054637
0 0.39954100000000004 0.657300 0.020661 0.051423
0 0.49929999999999997 0.625390 0.019628 0.059229
0 0.920512 0.318320 0.014118 0.034435
0 0.836662 0.280211 0.016529 0.028007
0 0.817551 0.290083 0.011364 0.027548
0 0.24255000000000004 0.267493 0.019628 0.040404
0 0.247544 0.246602 0.017218 0.031680
0 0.24306700000000003 0.185905 0.019972 0.046373
0 0.19582200000000005 0.376676 0.014463 0.041322
0 0.209596 0.135537 0.014463 0.038567
0 0.19754400000000005 0.166529 0.013774 0.033517
0 0.25866599999999995 0.148163 0.017562 0.042700
0 0.38287400000000005 0.137741 0.017218 0.038567
0 0.37047699999999995 0.146694 0.016529 0.039945
0 0.348611 0.092516 0.015496 0.033517
0 0.884527 0.169651 0.011019 0.028007
0 0.873508 0.145776 0.013085 0.027089
0 0.854568 0.131772 0.013085 0.031221
0 0.917757 0.180900 0.008609 0.024793
0 0.919135 0.167585 0.008609 0.026630