0 0.261249 0.781635 0.016529 0.044077
0 0.231290 0.725161 0.021350 0.046832
0 0.171028 0.779798 0.013774 0.027548
0 0.162764 0.780257 0.012397 0.030303
0 0.138315 0.378604 0.014463 0.035813
0 0.124197 0.430028 0.012397 0.028466
0 0.100092 0.465381 0.013774 0.033058
0 0.107668 0.483747 0.015152 0.042241
0 0.121442 0.483287 0.015152 0.035813
0 0.124541 0.520937 0.019972 0.033976
0 0.704053 0.938144 0.020502 0.043865
0 0.721456 0.957851 0.020025 0.046408
0 0.733137 0.861538 0.020502 0.048315
0 0.767467 0.888239 0.024317 0.055944
0 0.764367 0.815130 0.020025 0.049587
0 0.823252 0.830388 0.020502 0.049587
0 0.825636 0.895232 0.022409 0.054673
0 0.849952 0.927018 0.021456 0.045772
0 0.856389 0.965480 0.022886 0.052765
0 0.825636 0.707692 0.028131 0.066116
0 0.791783 0.688620 0.022409 0.049587
0 0.836125 0.805594 0.015734 0.050858
0 0.855197 0.797966 0.022409 0.057216
0 0.947695 0.805912 0.019549 0.054037
0 0.893579 0.689892 0.020979 0.047044
0 0.624714 0.307692 0.018595 0.041958
0 0.622092 0.351240 0.019072 0.037508
0 0.772759 0.284488 0.018118 0.033694