0 0.9496020000000001 0.886836 0.009298 0.025384
0 0.941632 0.898052 0.009298 0.032468
0 0.948716 0.916352 0.010183 0.025384
0 0.934106 0.901889 0.011068 0.036600
0 0.940525 0.926978 0.010626 0.025384
0 0.940304 0.942916 0.009298 0.023022
0 0.931449 0.924026 0.009298 0.021842
0 0.13009099999999996 0.915466 0.012839 0.040142
0 0.12920600000000004 0.956789 0.013725 0.044864
0 0.11348899999999995 0.955313 0.015053 0.044274
0 0.12101499999999998 0.930224 0.012397 0.037780
0 0.725089 0.484238 0.014168 0.039551
0 0.7151270000000001 0.478335 0.013725 0.043093
0 0.703837 0.476564 0.014168 0.052538
0 0.688563 0.520838 0.009298 0.036009
0 0.316086 0.577981 0.015053 0.043093