0 0.161306 0.357346 0.012741 0.032599
0 0.218641 0.365611 0.015840 0.045455
0 0.219157 0.318090 0.014807 0.039486
0 0.201251 0.394077 0.013430 0.038108
0 0.231899 0.419100 0.014807 0.034894
0 0.245328 0.410147 0.016185 0.039027
0 0.189027 0.428283 0.016529 0.037649
0 0.153214 0.466391 0.013774 0.036731
0 0.163028 0.484757 0.015496 0.043159
0 0.181795 0.489807 0.011708 0.036731
0 0.177319 0.533930 0.013085 0.038108
0 0.192470 0.552066 0.017906 0.035813
0 0.200907 0.525895 0.012741 0.035813
0 0.173531 0.581221 0.015840 0.034435
0 0.185239 0.588108 0.011708 0.041781
0 0.176630 0.641598 0.011708 0.036731
0 0.157174 0.832782 0.011364 0.030303
0 0.166988 0.831175 0.011019 0.032599
0 0.355177 0.835308 0.015496 0.043618
0 0.328489 0.773783 0.017218 0.041781
0 0.370328 0.835537 0.012741 0.046832
0 0.858861 0.856887 0.017906 0.042700
0 0.827525 0.930579 0.014463 0.039486
0 0.846465 0.945271 0.017906 0.043159
0 0.850253 0.976722 0.015840 0.039945
0 0.873152 0.978788 0.016185 0.037649
0 0.917401 0.962029 0.018595 0.043618
0 0.916540 0.864463 0.015496 0.044995
0 0.970259 0.916345 0.014807 0.037649
0 0.908448 0.807071 0.016529 0.038567
0 0.976286 0.782277 0.017218 0.048669
0 0.958379 0.793480 0.015840 0.043159
0 0.915163 0.734940 0.014118 0.041781
0 0.955280 0.689945 0.017218 0.038108