0 0.789263 0.786845 0.030535 0.069300
0 0.707402 0.753927 0.021440 0.048510
0 0.669395 0.283697 0.024688 0.049376
0 0.688561 0.336972 0.021440 0.051975
0 0.708052 0.387214 0.024038 0.032918
0 0.583637 0.136001 0.024688 0.062370
0 0.501451 0.461712 0.040930 0.076230
0 0.432367 0.921980 0.037032 0.065835
0 0.539891 0.860043 0.035083 0.080561
0 0.591866 0.957929 0.035083 0.080561
0 0.215372 0.940171 0.017542 0.041580
0 0.203352 0.944935 0.016892 0.044179
0 0.044179 0.698920 0.024688 0.054574
0 0.090307 0.621391 0.022089 0.053708
0 0.115969 0.630053 0.030535 0.067568
0 0.159174 0.707149 0.025988 0.051975
0 0.080886 0.542562 0.021440 0.046778
0 0.204327 0.581543 0.026637 0.064103
0 0.252079 0.424319 0.023389 0.042446
0 0.384291 0.602766 0.031835 0.068434
0 0.259226 0.380573 0.027287 0.050243