0 0.050398 0.886836 0.009298 0.025384
0 0.058368 0.898052 0.009298 0.032468
0 0.051284 0.916352 0.010183 0.025384
0 0.065894 0.901889 0.011068 0.036600
0 0.059475 0.926978 0.010626 0.025384
0 0.059696 0.942916 0.009298 0.023022
0 0.068551 0.924026 0.009298 0.021842
0 0.869909 0.915466 0.012839 0.040142
0 0.870794 0.956789 0.013725 0.044864
0 0.886511 0.955313 0.015053 0.044274
0 0.878985 0.930224 0.012397 0.037780
0 0.274911 0.484238 0.014168 0.039551
0 0.284873 0.478335 0.013725 0.043093
0 0.296163 0.476564 0.014168 0.052538
0 0.311437 0.520838 0.009298 0.036009
0 0.683914 0.577981 0.015053 0.043093