0 0.16610499999999995 0.695444 0.007311 0.029243
0 0.172145 0.695232 0.007947 0.020343
0 0.11286300000000005 0.668743 0.015257 0.031786
0 0.13018600000000002 0.692477 0.009854 0.031786
0 0.08648 0.743759 0.009536 0.029243
0 0.09061200000000003 0.699894 0.009536 0.039839
0 0.10110200000000003 0.687815 0.010807 0.041958
0 0.05389900000000003 0.722145 0.010490 0.029243
0 0.058984999999999954 0.673405 0.011761 0.031786
0 0.038005999999999984 0.679127 0.006675 0.029667
0 0.04595300000000002 0.690994 0.012397 0.028820
0 0.04325100000000004 0.712185 0.010807 0.029667
0 0.029741000000000017 0.724899 0.010490 0.028820
0 0.02497400000000005 0.742276 0.011761 0.028820
0 0.018139000000000016 0.664717 0.009536 0.023734
0 0.015913999999999984 0.690782 0.012079 0.031786
0 0.004789000000000043 0.665777 0.009536 0.032634
0 0.622208 0.885611 0.036236 0.075440
0 0.845476 0.828142 0.011443 0.023734