0 0.537508 0.712778 0.021933 0.054673
0 0.558249 0.711189 0.023363 0.060394
0 0.566354 0.725175 0.019549 0.050223
0 0.569215 0.820216 0.023363 0.058487
0 0.583042 0.807502 0.020502 0.054673
0 0.611650 0.805912 0.015734 0.052765
0 0.629053 0.788748 0.022886 0.055308
0 0.072394 0.716275 0.033853 0.073109
0 0.061666 0.775079 0.021933 0.053401
0 0.028290 0.824666 0.021933 0.045772
0 0.019708 0.852320 0.020025 0.051494
0 0.075969 0.841195 0.022886 0.055944
0 0.081929 0.798601 0.022409 0.066116
0 0.104339 0.823077 0.024317 0.060394
0 0.117451 0.882835 0.025747 0.061666
0 0.201128 0.898411 0.030992 0.055944
0 0.150588 0.800826 0.028131 0.062937
0 0.180865 0.783980 0.019072 0.061030
0 0.167753 0.787794 0.022409 0.058487
0 0.181818 0.743611 0.020979 0.046408
0 0.144866 0.688620 0.022409 0.058487
0 0.947982 0.944183 0.016688 0.047044
0 0.805181 0.202225 0.021933 0.047680
0 0.104577 0.203433 0.022886 0.038144
0 0.866259 0.741004 0.016688 0.038144
0 0.872219 0.804259 0.017165 0.046408