0 0.313021 0.653431 0.026276 0.061728
0 0.012825 0.802052 0.019394 0.059226
0 0.033158 0.857941 0.018769 0.049216
0 0.082583 0.757424 0.020020 0.048382
0 0.094469 0.749499 0.008759 0.014181
0 0.065083 0.836204 0.006955 0.013249
0 0.102097 0.777248 0.006459 0.014573
0 0.121473 0.750088 0.006459 0.013249
0 0.226302 0.813681 0.017389 0.035771
0 0.623261 0.908960 0.013414 0.023185
0 0.673688 0.895381 0.011924 0.021198
0 0.685364 0.829469 0.020370 0.052332
0 0.644624 0.885444 0.012421 0.027822
0 0.723867 0.851992 0.008943 0.015236
0 0.771396 0.877826 0.007949 0.012586
0 0.786301 0.868221 0.005962 0.014573
0 0.764441 0.822845 0.005962 0.012586
0 0.767670 0.828807 0.005465 0.013911
0 0.772887 0.819864 0.004968 0.013249