0 0.629962 0.338542 0.026394 0.057714
0 0.49060400000000004 0.472973 0.034840 0.064752
0 0.32854700000000003 0.726351 0.033784 0.061937
0 0.567673 0.099240 0.032728 0.046453
0 0.765097 0.857029 0.026394 0.043637
0 0.679582 0.893628 0.026394 0.046453
0 0.646326 0.866883 0.025338 0.049268
0 0.636296 0.859140 0.022171 0.042230
0 0.39083599999999996 0.834506 0.014780 0.032376
0 0.12610900000000003 0.640132 0.016364 0.033080
0 0.08889400000000003 0.722128 0.014780 0.032376
0 0.07464099999999996 0.682714 0.015836 0.039414
0 0.8921520000000001 0.734003 0.015593 0.032918
0 0.888254 0.792042 0.018191 0.038115
0 0.859992 0.811966 0.020140 0.041580
0 0.821985 0.868272 0.012994 0.027720
0 0.755717 0.978719 0.020790 0.028586