0 0.188937 0.860071 0.010980 0.030224
0 0.197792 0.872350 0.010980 0.029280
0 0.208595 0.882267 0.011334 0.033058
0 0.251806 0.884392 0.015584 0.027863
0 0.252515 0.898324 0.013459 0.030224
0 0.291476 0.891476 0.018418 0.045809
0 0.309185 0.882031 0.019126 0.041086
0 0.282267 0.821110 0.017001 0.039197
0 0.319634 0.760661 0.021606 0.046753
0 0.360897 0.899032 0.020543 0.055254
0 0.381972 0.875419 0.020189 0.048642
0 0.314144 0.942007 0.018418 0.036364
0 0.329197 0.929728 0.016647 0.045809
0 0.430460 0.825124 0.024085 0.058560
0 0.440555 0.762314 0.026564 0.058560
0 0.482704 0.782621 0.032940 0.056671
0 0.540614 0.869752 0.022668 0.042975
0 0.521665 0.684345 0.027273 0.065643
0 0.412751 0.648217 0.026210 0.061393
0 0.636564 0.890767 0.019481 0.044392
0 0.661712 0.861724 0.018064 0.044864
0 0.671275 0.827958 0.014522 0.041558
0 0.685266 0.844250 0.014876 0.042975
0 0.651795 0.903046 0.017355 0.046281
0 0.657993 0.927839 0.017001 0.041086
0 0.574581 0.542290 0.025148 0.069421
0 0.588040 0.531665 0.023731 0.072727
0 0.618855 0.466730 0.023731 0.073200
0 0.636387 0.525998 0.022668 0.071783
0 0.617969 0.549138 0.023377 0.075561
0 0.632137 0.509469 0.021960 0.068949
0 0.688985 0.603920 0.033648 0.081228
0 0.717320 0.534498 0.025148 0.077450
0 0.727946 0.568028 0.021606 0.065171
0 0.662775 0.454923 0.020189 0.058087
0 0.677296 0.436741 0.017355 0.049115
0 0.563424 0.439339 0.019126 0.029752
0 0.450968 0.300401 0.021606 0.053365
0 0.464427 0.274900 0.013105 0.033530
0 0.442645 0.200708 0.021960 0.051004
0 0.441228 0.120661 0.022668 0.051476
0 0.458937 0.147580 0.021251 0.043920
0 0.448560 0.177096 0.026564 0.049115