0 0.179054 0.029279 0.060811 0.054054
0 0.301520 0.417793 0.059122 0.105856
0 0.469595 0.313063 0.047297 0.090090
0 0.532939 0.186937 0.038851 0.076577
0 0.588682 0.130631 0.048986 0.085586
0 0.565878 0.111486 0.037162 0.069820
0 0.589527 0.592342 0.043919 0.081081
0 0.631757 0.648649 0.047297 0.076577
0 0.701014 0.710586 0.043919 0.078829
0 0.154561 0.652027 0.065878 0.123874
0 0.157939 0.353604 0.059122 0.099099
0 0.113176 0.313063 0.064189 0.099099
0 0.042230 0.256757 0.067568 0.076577
0 0.046453 0.349099 0.069257 0.108108
0 0.760980 0.156532 0.059122 0.096847
0 0.659628 0.222973 0.042230 0.081081
0 0.636824 0.195946 0.043919 0.090090
0 0.483108 0.718468 0.054054 0.126126
0 0.353885 0.828829 0.042230 0.085586