0 0.963346 0.608203 0.014233 0.033670
0 0.972069 0.622896 0.010560 0.028773
0 0.936486 0.602081 0.013774 0.023875
0 0.9397 0.646771 0.007346 0.022651
0 0.919728 0.650750 0.012397 0.031833
0 0.912841 0.635139 0.009642 0.028773
0 0.948653 0.684726 0.012397 0.026324
0 0.948653 0.658402 0.010560 0.026324
0 0.903658 0.712274 0.013315 0.028773
0 0.92891 0.666054 0.011478 0.030609
0 0.15241800000000005 0.521396 0.016988 0.042241
0 0.14736800000000005 0.510683 0.012397 0.037955
0 0.11407999999999996 0.442730 0.015611 0.042853
0 0.12326300000000001 0.475176 0.015611 0.040404
0 0.11431000000000002 0.473646 0.014233 0.044689
0 0.123722 0.407530 0.016529 0.036119
0 0.11316199999999998 0.362534 0.017447 0.042853
0 0.10489700000000002 0.328558 0.016529 0.038567
0 0.22312500000000002 0.321824 0.019743 0.039792
0 0.267432 0.332231 0.019284 0.037343
0 0.23667000000000005 0.345393 0.018365 0.045301
0 0.26513600000000004 0.274564 0.020202 0.041016
0 0.308754 0.268442 0.020202 0.042241
0 0.24240899999999999 0.255892 0.019743 0.042853
0 0.26307 0.263238 0.015152 0.034282
0 0.20498899999999998 0.193450 0.019284 0.044077
0 0.166192 0.217325 0.022498 0.052648
0 0.118672 0.227426 0.017447 0.042241
0 0.29107700000000003 0.159780 0.017906 0.037955
0 0.249985 0.071931 0.013774 0.038567
0 0.634741 0.373248 0.014692 0.033670