0 0.411846 0.336708 0.018595 0.050275
0 0.300534 0.187259 0.019112 0.037879
0 0.409263 0.191391 0.014463 0.030992
0 0.385503 0.170386 0.018595 0.027548
0 0.406939 0.749587 0.019112 0.060606
0 0.426050 0.773003 0.029442 0.078512
0 0.362259 0.781267 0.022727 0.063361
0 0.430957 0.947590 0.023760 0.058540
0 0.451102 0.942424 0.019628 0.055096
0 0.456009 0.911088 0.020145 0.051653
0 0.501722 0.776102 0.028926 0.053030
0 0.564222 0.881818 0.019628 0.055096
0 0.514377 0.974656 0.022211 0.050688
0 0.501722 0.896970 0.024793 0.061983
0 0.521608 0.879063 0.024277 0.066116
0 0.649707 0.912121 0.023244 0.066116
0 0.603220 0.676240 0.022211 0.068182
0 0.294542 0.035813 0.018079 0.035813
0 0.316753 0.020317 0.017045 0.033747
0 0.323209 0.104339 0.018595 0.036501
0 0.881474 0.197521 0.025826 0.042700
0 0.894645 0.159298 0.016012 0.035124
0 0.966185 0.231267 0.017562 0.031680
0 0.939635 0.566804 0.019628 0.042700
0 0.981990 0.546488 0.019628 0.044766
0 0.969077 0.725758 0.016529 0.044077
0 0.994611 0.811501 0.010778 0.037879
0 0.945317 0.829752 0.014463 0.034435
0 0.897538 0.819421 0.016012 0.042700
0 0.895213 0.857300 0.014463 0.055096
0 0.883592 0.873485 0.019112 0.042011
0 0.847176 0.877961 0.018595 0.037190
0 0.871453 0.826997 0.014463 0.044077
0 0.819284 0.736088 0.022727 0.063361
0 0.883333 0.698898 0.021694 0.049587