0 0.534805 0.382810 0.017710 0.046281
0 0.470165 0.548430 0.020189 0.057143
0 0.527544 0.812940 0.019481 0.046281
0 0.581204 0.670649 0.017001 0.044864
0 0.585809 0.605006 0.017001 0.042975
0 0.811039 0.742385 0.015939 0.046281
0 0.858323 0.778040 0.011334 0.034475
0 0.882409 0.760803 0.014168 0.035891
0 0.892149 0.725620 0.010980 0.033530
0 0.874439 0.702243 0.014522 0.036836
0 0.884888 0.672491 0.012751 0.035891
0 0.922255 0.693979 0.011688 0.030697
0 0.943329 0.696340 0.011334 0.039197
0 0.911098 0.707910 0.012751 0.033058
0 0.905962 0.721606 0.010980 0.028335
0 0.901712 0.745927 0.013105 0.032586
0 0.908973 0.742149 0.010626 0.026919
0 0.908264 0.766706 0.014168 0.039197
0 0.914640 0.787013 0.010626 0.035419
0 0.924203 0.725384 0.012751 0.039669