0 0.146191 0.788116 0.007153 0.019260
0 0.145297 0.803515 0.005365 0.016686
0 0.148873 0.809951 0.006795 0.020023
0 0.149231 0.792169 0.006795 0.019737
0 0.150840 0.820439 0.007153 0.022883
0 0.156026 0.807806 0.007511 0.020500
0 0.327700 0.734007 0.008941 0.021644
0 0.332886 0.727809 0.007153 0.017830
0 0.334138 0.747022 0.009657 0.024790
0 0.650662 0.826494 0.019671 0.045481
0 0.666041 0.843895 0.017525 0.048818
0 0.668902 0.819581 0.022532 0.043097
0 0.648158 0.854049 0.018956 0.048150
0 0.545511 0.986974 0.018956 0.026052
0 0.827521 0.799796 0.012160 0.026411
0 0.833065 0.815910 0.013233 0.033848
0 0.848444 0.802180 0.011087 0.026411
0 0.845583 0.820678 0.013233 0.033848
0 0.863287 0.814814 0.011445 0.029748
