0 0.947639 0.767556 0.010980 0.035419
0 0.9563159999999999 0.763070 0.011334 0.033058
0 0.966588 0.784321 0.007792 0.025502
0 0.958442 0.794475 0.010626 0.025974
0 0.96039 0.810059 0.008146 0.025974
0 0.755561 0.678017 0.012751 0.027863
0 0.778937 0.635514 0.009209 0.023140
0 0.7483 0.641653 0.010980 0.022196
0 0.768312 0.654876 0.010626 0.022196
0 0.778052 0.655112 0.008855 0.022668
0 0.744935 0.045809 0.015584 0.032113
0 0.48527699999999996 0.559244 0.018772 0.040614
0 0.49218399999999995 0.585218 0.017001 0.036836
0 0.460484 0.547674 0.012397 0.027863
0 0.45711900000000005 0.568453 0.014168 0.040142
0 0.44791000000000003 0.548146 0.017001 0.041086
0 0.5127269999999999 0.250295 0.014876 0.030224
0 0.496966 0.244392 0.019481 0.030697
0 0.18311699999999997 0.846139 0.012043 0.030697
0 0.17160600000000004 0.881086 0.011688 0.038253
0 0.184002 0.880850 0.014522 0.037780
0 0.16009399999999996 0.739787 0.011334 0.028808
0 0.211098 0.685336 0.011334 0.028335