0 0.17924799999999996 0.692450 0.021643 0.045749
0 0.215935 0.812453 0.019003 0.050676
0 0.22754799999999997 0.820195 0.013725 0.033784
0 0.308048 0.819491 0.030089 0.061937
0 0.23704999999999998 0.748053 0.020059 0.052787
0 0.282446 0.898320 0.027449 0.053491
0 0.7237469999999999 0.981536 0.023226 0.036928
0 0.708967 0.973278 0.017948 0.052787
0 0.767297 0.716615 0.018476 0.061233
0 0.698145 0.613152 0.026921 0.071087
0 0.665153 0.625821 0.032728 0.082348
0 0.7026319999999999 0.506053 0.030617 0.056306
0 0.832225 0.659840 0.025866 0.064048
0 0.823515 0.722128 0.030617 0.063345
0 0.5908990000000001 0.612683 0.031672 0.083756
0 0.404297 0.564823 0.023754 0.051380
0 0.73536 0.438837 0.021115 0.048564
0 0.634009 0.334671 0.016892 0.035895
0 0.81718 0.221002 0.019003 0.038007
0 0.7261230000000001 0.161177 0.031144 0.059122
0 0.738792 0.197776 0.004751 0.002815
0 0.6646259999999999 0.195312 0.023226 0.049972
0 0.635065 0.122114 0.019003 0.042934
0 0.753484 0.710867 0.023226 0.059122