0 0.5828949999999999 0.160781 0.019534 0.047082
0 0.570874 0.161282 0.015778 0.047082
0 0.547208 0.087653 0.023291 0.049086
0 0.49386399999999997 0.086401 0.027047 0.054596
0 0.510393 0.127223 0.023291 0.055096
0 0.513962 0.175557 0.028174 0.052592
0 0.43394699999999997 0.238167 0.027423 0.051590
0 0.505134 0.281242 0.025545 0.055597
0 0.57294 0.271225 0.016153 0.037566
0 0.602241 0.199349 0.019910 0.029051
0 0.37455499999999997 0.088154 0.027799 0.050088
0 0.341685 0.093163 0.022915 0.055096
0 0.32327799999999995 0.083146 0.019910 0.053093
0 0.419334 0.398998 0.026296 0.054095
0 0.409755 0.448335 0.022915 0.057601
0 0.365051 0.402004 0.020661 0.059103
0 0.32466799999999996 0.454596 0.024042 0.068119
0 0.299875 0.444828 0.021037 0.059604
0 0.289544 0.435813 0.015402 0.062610
0 0.309642 0.514200 0.024793 0.065114
0 0.33124200000000004 0.524217 0.023666 0.067117
0 0.273203 0.505685 0.020285 0.064112
0 0.24878500000000003 0.519459 0.018783 0.069622
0 0.22887599999999997 0.530478 0.018783 0.036564
0 0.22774899999999998 0.549512 0.015026 0.045580
0 0.19593000000000005 0.505435 0.029677 0.070624
0 0.19311299999999998 0.565039 0.033058 0.071625
0 0.5032559999999999 0.664563 0.032307 0.076133
0 0.438643 0.690859 0.024793 0.065615
0 0.5056970000000001 0.784072 0.026672 0.065114
0 0.48729 0.807363 0.022164 0.059604
0 0.462121 0.802354 0.023666 0.057601
0 0.510205 0.856699 0.026672 0.061107
0 0.431505 0.875733 0.019534 0.036063
0 0.346043 0.846181 0.018407 0.046081
0 0.35844 0.880741 0.015402 0.043075
0 0.348673 0.892762 0.013899 0.046081
0 0.5805279999999999 0.767994 0.028174 0.062610
0 0.651528 0.821838 0.023666 0.063110
0 0.5987480000000001 0.937290 0.026296 0.062610
0 0.586163 0.961833 0.022164 0.053594
0 0.624105 0.971776 0.024418 0.056448
0 0.751753 0.981292 0.017656 0.037415
0 0.741798 0.974856 0.014275 0.040571
0 0.765652 0.907989 0.019910 0.051089
0 0.7149760000000001 0.667017 0.024042 0.063611
0 0.648861 0.611670 0.026296 0.060105
0 0.7283120000000001 0.709091 0.019910 0.054596
0 0.905021 0.842074 0.013899 0.040070
0 0.8928119999999999 0.864864 0.012021 0.037566