0 0.62527 0.142975 0.013350 0.020979
0 0.616688 0.179847 0.018118 0.028608
0 0.629561 0.196376 0.012397 0.026065
0 0.620025 0.212587 0.019072 0.027972
0 0.45314699999999997 0.128036 0.013350 0.024158
0 0.31678300000000004 0.139860 0.016211 0.029243
0 0.39378599999999997 0.246345 0.024317 0.029879
0 0.376621 0.314367 0.020502 0.031151
0 0.285315 0.353783 0.019072 0.033694
0 0.424682 0.339669 0.018595 0.031151
0 0.449952 0.338080 0.017641 0.036872
0 0.549364 0.261157 0.017165 0.035601
0 0.556755 0.287985 0.012873 0.034329
0 0.5445960000000001 0.306739 0.014304 0.031151
0 0.600381 0.344247 0.024793 0.034965
0 0.577257 0.342339 0.019549 0.034965
0 0.5836939999999999 0.367769 0.015257 0.034965
0 0.663891 0.435346 0.022886 0.041958
0 0.632899 0.442975 0.012397 0.030515
0 0.663414 0.475397 0.021933 0.043229
0 0.533487 0.541513 0.025270 0.047044
0 0.540877 0.460521 0.024793 0.040687
0 0.740178 0.290782 0.019072 0.029243
0 0.737556 0.332422 0.013827 0.024793
0 0.799444 0.488748 0.023363 0.036872
0 0.825906 0.445200 0.017165 0.028608
0 0.8595200000000001 0.499873 0.013827 0.023522
0 0.833296 0.589193 0.016688 0.025429
0 0.918071 0.698220 0.015734 0.031151
0 0.900429 0.706167 0.016688 0.030515
0 0.870391 0.749078 0.018595 0.032422
0 0.871345 0.858741 0.021456 0.038144
0 0.803878 0.895931 0.017165 0.034965
0 0.796011 0.907692 0.012873 0.031786
0 0.743563 0.842530 0.023363 0.045137
0 0.753814 0.743674 0.020025 0.039415
0 0.726637 0.679466 0.023840 0.038144
0 0.67562 0.659441 0.020979 0.036236
0 0.6770499999999999 0.734456 0.020025 0.041322
0 0.639479 0.623840 0.019072 0.034965
0 0.45867800000000003 0.639097 0.025747 0.040051
0 0.460823 0.557088 0.019549 0.033694
0 0.450572 0.576478 0.017165 0.035601
0 0.38692000000000004 0.563128 0.019549 0.027972
0 0.32732000000000006 0.560903 0.016688 0.029879
0 0.316831 0.590782 0.016688 0.031151
0 0.36904000000000003 0.655626 0.017165 0.031151
0 0.31230100000000005 0.658805 0.012397 0.028608
0 0.27368099999999995 0.695359 0.013350 0.029243
0 0.26319099999999995 0.691227 0.015257 0.028608
0 0.289177 0.725556 0.015734 0.024793
0 0.317546 0.832359 0.019072 0.032422
0 0.43126200000000003 0.796440 0.022409 0.035601
0 0.49682099999999996 0.936872 0.022886 0.034965
0 0.343627 0.486332 0.019549 0.034329
0 0.326939 0.494278 0.015734 0.034965
0 0.27282300000000004 0.473935 0.014304 0.023522
0 0.22180500000000003 0.402098 0.015257 0.026065
0 0.314542 0.394469 0.014781 0.020979
0 0.25637299999999996 0.478385 0.016688 0.028608
0 0.23801700000000003 0.499682 0.009536 0.024158
0 0.24612199999999995 0.507629 0.011443 0.022250
0 0.29237100000000005 0.553719 0.014304 0.027972
0 0.24350000000000005 0.539097 0.011920 0.022886
0 0.23753999999999997 0.547997 0.014304 0.025429
0 0.22442799999999996 0.529243 0.010966 0.023522
0 0.226097 0.591227 0.012397 0.025429
0 0.216561 0.599809 0.011443 0.022250
0 0.24135399999999996 0.617292 0.014304 0.022886
0 0.22728899999999996 0.627146 0.010966 0.020979
0 0.22466600000000003 0.637953 0.013350 0.023522
0 0.235394 0.623013 0.008106 0.027972