0 0.202595 0.561041 0.017972 0.028728
0 0.180526 0.648705 0.017708 0.042107
0 0.143657 0.678806 0.017972 0.041755
0 0.201274 0.674053 0.012686 0.026616
0 0.244222 0.705739 0.019294 0.039994
0 0.502706 0.435147 0.025637 0.054429
0 0.483280 0.365966 0.017972 0.047740
0 0.653885 0.525627 0.015594 0.026968
0 0.616355 0.618923 0.012951 0.026968
0 0.563099 0.609946 0.014801 0.028728
0 0.534422 0.630189 0.020351 0.032601
0 0.549884 0.633710 0.017444 0.030489
0 0.538519 0.679021 0.018501 0.040839
0 0.542483 0.818191 0.012158 0.021335
0 0.550148 0.824704 0.011101 0.026616
