0 0.838694 0.357346 0.012741 0.032599
0 0.781359 0.365611 0.015840 0.045455
0 0.780843 0.318090 0.014807 0.039486
0 0.7987489999999999 0.394077 0.013430 0.038108
0 0.768101 0.419100 0.014807 0.034894
0 0.754672 0.410147 0.016185 0.039027
0 0.8109729999999999 0.428283 0.016529 0.037649
0 0.846786 0.466391 0.013774 0.036731
0 0.836972 0.484757 0.015496 0.043159
0 0.818205 0.489807 0.011708 0.036731
0 0.822681 0.533930 0.013085 0.038108
0 0.80753 0.552066 0.017906 0.035813
0 0.799093 0.525895 0.012741 0.035813
0 0.826469 0.581221 0.015840 0.034435
0 0.8147610000000001 0.588108 0.011708 0.041781
0 0.8233699999999999 0.641598 0.011708 0.036731
0 0.842826 0.832782 0.011364 0.030303
0 0.833012 0.831175 0.011019 0.032599
0 0.6448229999999999 0.835308 0.015496 0.043618
0 0.671511 0.773783 0.017218 0.041781
0 0.629672 0.835537 0.012741 0.046832
0 0.14113900000000001 0.856887 0.017906 0.042700
0 0.17247500000000004 0.930579 0.014463 0.039486
0 0.15353499999999998 0.945271 0.017906 0.043159
0 0.14974699999999996 0.976722 0.015840 0.039945
0 0.12684799999999996 0.978788 0.016185 0.037649
0 0.08259899999999998 0.962029 0.018595 0.043618
0 0.08345999999999998 0.864463 0.015496 0.044995
0 0.029741000000000017 0.916345 0.014807 0.037649
0 0.09155199999999997 0.807071 0.016529 0.038567
0 0.023714000000000013 0.782277 0.017218 0.048669
0 0.04162100000000002 0.793480 0.015840 0.043159
0 0.08483700000000005 0.734940 0.014118 0.041781
0 0.04471999999999998 0.689945 0.017218 0.038108