0 0.078632 0.724767 0.012397 0.032525
0 0.048240 0.851666 0.011597 0.031458
0 0.106025 0.771154 0.011997 0.029326
0 0.117822 0.791149 0.014796 0.029859
0 0.121821 0.763956 0.012397 0.031991
0 0.132418 0.758891 0.011197 0.028259
0 0.136417 0.711170 0.013596 0.033058
0 0.150013 0.773021 0.010397 0.037323
0 0.145614 0.819728 0.015996 0.030925
0 0.144215 0.859451 0.013996 0.029326
0 0.113623 0.847454 0.012797 0.027726
0 0.547267 0.689363 0.020794 0.033591
0 0.565862 0.698161 0.017995 0.041589
0 0.599853 0.766942 0.021194 0.053319
0 0.613050 0.786137 0.017995 0.047987
0 0.754212 0.893842 0.026793 0.055452
0 0.773007 0.859717 0.017195 0.042655
0 0.870661 0.375740 0.020395 0.050653
0 0.884657 0.374940 0.017195 0.057585
0 0.005665 0.583898 0.011330 0.037857
0 0.016729 0.593762 0.009198 0.028792
0 0.086710 0.639350 0.013996 0.034657