0 0.706081 0.192943 0.023649 0.042793
0 0.754223 0.388889 0.021959 0.033784
0 0.684544 0.483483 0.026182 0.047297
0 0.48690900000000004 0.687312 0.029561 0.058559
0 0.747044 0.772898 0.021115 0.031532
0 0.7225509999999999 0.772898 0.016047 0.036036
0 0.739865 0.802177 0.020270 0.031532
0 0.782095 0.798799 0.013514 0.027027
0 0.796875 0.768956 0.019426 0.039414
0 0.850507 0.734610 0.018581 0.029279
0 0.743243 0.889452 0.018581 0.030405
0 0.746622 0.905218 0.016892 0.025901
0 0.410778 0.796015 0.017596 0.028966
0 0.15704799999999997 0.705862 0.015484 0.036599
0 0.13734000000000002 0.667386 0.018300 0.038476
0 0.19083099999999997 0.618118 0.018300 0.035661
0 0.284675 0.544138 0.018300 0.034722