0 0.890393 0.792810 0.021694 0.060331
0 0.847934 0.841983 0.022314 0.059504
0 0.832748 0.943636 0.020455 0.054545
0 0.813843 0.942397 0.019835 0.063636
0 0.761777 0.980496 0.021074 0.039008
0 0.682748 0.948595 0.024174 0.061157
0 0.753409 0.719669 0.029132 0.059504
0 0.532562 0.833306 0.027273 0.061983
0 0.522645 0.866777 0.022314 0.056198
0 0.48545499999999997 0.838264 0.027273 0.057025
0 0.42440100000000003 0.775868 0.024174 0.062810
0 0.562314 0.677107 0.027273 0.060331
0 0.34041299999999997 0.924215 0.021074 0.050413
0 0.31933900000000004 0.919256 0.022314 0.052066
0 0.299504 0.925041 0.017355 0.043802
0 0.32398800000000005 0.871736 0.022934 0.049587
0 0.29578499999999996 0.869669 0.018595 0.055372
0 0.285868 0.850248 0.019835 0.049587
0 0.196921 0.872562 0.020455 0.041322
0 0.10332600000000003 0.841157 0.016736 0.038017
0 0.17181800000000003 0.758512 0.019835 0.054545
0 0.171508 0.723802 0.015496 0.038017
0 0.14206600000000003 0.770083 0.014876 0.051240
0 0.23690100000000003 0.624628 0.026033 0.051240
0 0.23752099999999998 0.572149 0.019835 0.057025
0 0.410455 0.609339 0.023554 0.045455
0 0.416033 0.560579 0.021074 0.057025
0 0.19134300000000004 0.645702 0.025413 0.053719
0 0.12843000000000004 0.608099 0.021074 0.051240
0 0.11479300000000003 0.629587 0.016116 0.041322
0 0.181736 0.539835 0.022314 0.056198
0 0.15508299999999997 0.566281 0.018595 0.051240
0 0.142996 0.490248 0.019215 0.057851
0 0.08349200000000001 0.492727 0.021694 0.039669
0 0.031982999999999984 0.431983 0.013636 0.035537
0 0.049958999999999976 0.439421 0.017355 0.040496
0 0.028263999999999956 0.458843 0.017355 0.031405
0 0.11845000000000006 0.163140 0.015496 0.044628
0 0.16276900000000005 0.166033 0.016116 0.033884
0 0.14665300000000003 0.203223 0.014876 0.040496
0 0.25016499999999997 0.105702 0.019835 0.038843
0 0.899296 0.106214 0.015611 0.025099
0 0.866697 0.108662 0.013774 0.028773
0 0.854071 0.094582 0.014233 0.037343
0 0.81734 0.057545 0.016070 0.034282
0 0.7923169999999999 0.223936 0.017447 0.033058
0 0.770049 0.238323 0.014233 0.034894
0 0.896082 0.254239 0.012856 0.028773