0 0.374730 0.142975 0.013350 0.020979
0 0.383312 0.179847 0.018118 0.028608
0 0.370439 0.196376 0.012397 0.026065
0 0.379975 0.212587 0.019072 0.027972
0 0.546853 0.128036 0.013350 0.024158
0 0.683217 0.139860 0.016211 0.029243
0 0.606214 0.246345 0.024317 0.029879
0 0.623379 0.314367 0.020502 0.031151
0 0.714685 0.353783 0.019072 0.033694
0 0.575318 0.339669 0.018595 0.031151
0 0.550048 0.338080 0.017641 0.036872
0 0.450636 0.261157 0.017165 0.035601
0 0.443245 0.287985 0.012873 0.034329
0 0.455404 0.306739 0.014304 0.031151
0 0.399619 0.344247 0.024793 0.034965
0 0.422743 0.342339 0.019549 0.034965
0 0.416306 0.367769 0.015257 0.034965
0 0.336109 0.435346 0.022886 0.041958
0 0.367101 0.442975 0.012397 0.030515
0 0.336586 0.475397 0.021933 0.043229
0 0.466513 0.541513 0.025270 0.047044
0 0.459123 0.460521 0.024793 0.040687
0 0.259822 0.290782 0.019072 0.029243
0 0.262444 0.332422 0.013827 0.024793
0 0.200556 0.488748 0.023363 0.036872
0 0.174094 0.445200 0.017165 0.028608
0 0.140480 0.499873 0.013827 0.023522
0 0.166704 0.589193 0.016688 0.025429
0 0.081929 0.698220 0.015734 0.031151
0 0.099571 0.706167 0.016688 0.030515
0 0.129609 0.749078 0.018595 0.032422
0 0.128655 0.858741 0.021456 0.038144
0 0.196122 0.895931 0.017165 0.034965
0 0.203989 0.907692 0.012873 0.031786
0 0.256437 0.842530 0.023363 0.045137
0 0.246186 0.743674 0.020025 0.039415
0 0.273363 0.679466 0.023840 0.038144
0 0.324380 0.659441 0.020979 0.036236
0 0.322950 0.734456 0.020025 0.041322
0 0.360521 0.623840 0.019072 0.034965
0 0.541322 0.639097 0.025747 0.040051
0 0.539177 0.557088 0.019549 0.033694
0 0.549428 0.576478 0.017165 0.035601
0 0.613080 0.563128 0.019549 0.027972
0 0.672680 0.560903 0.016688 0.029879
0 0.683169 0.590782 0.016688 0.031151
0 0.630960 0.655626 0.017165 0.031151
0 0.687699 0.658805 0.012397 0.028608
0 0.726319 0.695359 0.013350 0.029243
0 0.736809 0.691227 0.015257 0.028608
0 0.710823 0.725556 0.015734 0.024793
0 0.682454 0.832359 0.019072 0.032422
0 0.568738 0.796440 0.022409 0.035601
0 0.503179 0.936872 0.022886 0.034965
0 0.656373 0.486332 0.019549 0.034329
0 0.673061 0.494278 0.015734 0.034965
0 0.727177 0.473935 0.014304 0.023522
0 0.778195 0.402098 0.015257 0.026065
0 0.685458 0.394469 0.014781 0.020979
0 0.743627 0.478385 0.016688 0.028608
0 0.761983 0.499682 0.009536 0.024158
0 0.753878 0.507629 0.011443 0.022250
0 0.707629 0.553719 0.014304 0.027972
0 0.756500 0.539097 0.011920 0.022886
0 0.762460 0.547997 0.014304 0.025429
0 0.775572 0.529243 0.010966 0.023522
0 0.773903 0.591227 0.012397 0.025429
0 0.783439 0.599809 0.011443 0.022250
0 0.758646 0.617292 0.014304 0.022886
0 0.772711 0.627146 0.010966 0.020979
0 0.775334 0.637953 0.013350 0.023522
0 0.764606 0.623013 0.008106 0.027972