0 0.020661 0.291979 0.024793 0.049587
0 0.120929 0.346427 0.015314 0.039864
0 0.176714 0.030627 0.026252 0.043753
0 0.238333 0.033058 0.024064 0.050559
0 0.259480 0.047156 0.025523 0.051531
0 0.567939 0.077783 0.043024 0.081672
0 0.478610 0.140982 0.017501 0.025280
0 0.493559 0.184735 0.012397 0.031113
0 0.499757 0.168206 0.014584 0.025280
0 0.588357 0.141954 0.037190 0.054448
0 0.636121 0.174526 0.033544 0.072922
0 0.665289 0.082158 0.036461 0.074866
0 0.709772 0.122022 0.037919 0.086534
0 0.745503 0.145357 0.035002 0.080700
0 0.725814 0.079242 0.030627 0.072922
0 0.759723 0.083617 0.041565 0.079728
0 0.779412 0.139037 0.037190 0.077783
0 0.789621 0.169178 0.041565 0.062227
0 0.831551 0.070977 0.030627 0.064171
0 0.854521 0.126884 0.028439 0.051531
0 0.858167 0.075352 0.026981 0.059310
0 0.842489 0.040836 0.023335 0.054448
0 0.897180 0.866699 0.033544 0.046670
0 0.932183 0.917258 0.026252 0.054448
0 0.732742 0.817598 0.028439 0.053476
0 0.773943 0.734468 0.032086 0.052504
0 0.559917 0.824891 0.031356 0.048614
0 0.136284 0.376605 0.013827 0.020343
0 0.242848 0.394406 0.013350 0.025429