0 0.453372 0.093575 0.011197 0.021861
0 0.463370 0.099440 0.012797 0.022927
0 0.507158 0.128499 0.015596 0.022394
0 0.502359 0.146094 0.013996 0.026660
0 0.494162 0.145828 0.011197 0.023994
0 0.445774 0.153026 0.013596 0.018128
0 0.504559 0.164223 0.015996 0.030925
0 0.643042 0.115169 0.011597 0.023460
0 0.481685 0.278752 0.017595 0.030925
0 0.531472 0.303013 0.017195 0.029326
0 0.559264 0.274753 0.007198 0.016529
0 0.590656 0.252626 0.013996 0.024527
0 0.636844 0.226766 0.015996 0.035724
0 0.664236 0.165982 0.013996 0.022927
0 0.788403 0.156652 0.015196 0.023460
0 0.738416 0.241162 0.015996 0.030392
0 0.749414 0.304612 0.013196 0.029326
0 0.813197 0.349667 0.014396 0.025593
0 0.729419 0.316076 0.017195 0.036257
0 0.709624 0.311277 0.018395 0.035191
0 0.650040 0.299014 0.020794 0.036257
0 0.626446 0.301413 0.015996 0.039989
0 0.590456 0.324393 0.019195 0.029859
0 0.614449 0.381445 0.027193 0.047987
0 0.519995 0.364436 0.018395 0.029326
0 0.566182 0.428152 0.025193 0.043722
0 0.461370 0.347641 0.011197 0.019195
0 0.512357 0.470008 0.019595 0.030392
0 0.437497 0.451293 0.016396 0.031991
0 0.400507 0.436097 0.026393 0.049587
0 0.328206 0.475233 0.019995 0.029326
0 0.340403 0.545348 0.020395 0.038390
0 0.511157 0.660091 0.025993 0.046921
0 0.293975 0.509784 0.018395 0.037857
0 0.302773 0.477526 0.014396 0.035191
0 0.301573 0.389496 0.021594 0.042122
0 0.255585 0.405758 0.013596 0.028792
0 0.271981 0.427886 0.016796 0.030392
0 0.216596 0.373500 0.019595 0.033591
0 0.235990 0.374300 0.016796 0.034124
0 0.193802 0.469475 0.016396 0.031458
0 0.222394 0.443882 0.018395 0.027193
0 0.206398 0.503866 0.012797 0.024527
0 0.219795 0.501733 0.010797 0.027726
0 0.269781 0.573927 0.017995 0.034124
0 0.202399 0.535804 0.011997 0.029326
0 0.139256 0.494481 0.014796 0.031991
0 0.184444 0.628046 0.015596 0.032525
0 0.206238 0.623247 0.011197 0.033591
0 0.197641 0.622181 0.013996 0.031458
0 0.177046 0.725567 0.023194 0.041589
0 0.205838 0.661584 0.013596 0.036257
0 0.194441 0.659984 0.015596 0.036257
0 0.142655 0.734364 0.017595 0.036790
0 0.275220 0.785604 0.025993 0.049054
0 0.231032 0.878113 0.015996 0.030392
0 0.352559 0.926366 0.025993 0.053319
0 0.398547 0.949560 0.021994 0.044255
0 0.392749 0.969288 0.016796 0.034657
0 0.516316 0.857318 0.026393 0.055985
0 0.485724 0.745615 0.023594 0.047987
0 0.579699 0.714156 0.022794 0.036257
0 0.569701 0.728819 0.020395 0.047454
0 0.645281 0.906212 0.017995 0.029859
0 0.671874 0.904079 0.015996 0.034124
0 0.746454 0.748920 0.020395 0.042655
0 0.775247 0.807038 0.020395 0.031991
0 0.793122 0.655079 0.015196 0.028792
0 0.804519 0.594028 0.012397 0.027193
0 0.819515 0.608691 0.010397 0.023460
0 0.814516 0.598560 0.010797 0.022394
0 0.746734 0.596961 0.016796 0.036257
0 0.771128 0.612423 0.014396 0.028792
0 0.589776 0.630019 0.020395 0.040523
0 0.712943 0.502906 0.020395 0.044788
0 0.732338 0.517569 0.015996 0.027193
0 0.742935 0.542895 0.016396 0.029859
0 0.785924 0.529832 0.015196 0.032525
0 0.799120 0.456252 0.015196 0.023994
0 0.472927 0.511064 0.021194 0.036790
0 0.662687 0.390940 0.022039 0.037955
0 0.424579 0.678972 0.020202 0.041016