0 0.34966200000000003 0.929115 0.017982 0.035600
0 0.35565599999999997 0.909862 0.016892 0.031967
0 0.30825 0.708975 0.021251 0.041412
0 0.30634300000000003 0.697714 0.017437 0.037780
0 0.351024 0.655817 0.025065 0.042139
0 0.23823000000000005 0.650005 0.019616 0.045045
0 0.21943100000000004 0.654001 0.015802 0.037053
0 0.33004599999999995 0.569602 0.023431 0.045045
0 0.255939 0.536545 0.012533 0.021069
0 0.32486899999999996 0.283590 0.020706 0.037780
0 0.314789 0.259978 0.023431 0.045772
0 0.41613999999999995 0.219534 0.021251 0.035600
0 0.47626100000000005 0.203550 0.019071 0.035600