0 0.906319 0.809160 0.009814 0.025482
0 0.923623 0.816047 0.012397 0.032369
0 0.929821 0.745110 0.012397 0.035124
0 0.960554 0.703788 0.012913 0.036501
0 0.976309 0.693113 0.014463 0.035813
0 0.989480 0.731336 0.013946 0.030992
0 0.994094 0.800207 0.011811 0.039256
0 0.929563 0.840496 0.012913 0.033058
0 0.939377 0.853926 0.014979 0.033747
0 0.975017 0.637948 0.020145 0.037879
0 0.965978 0.578719 0.011364 0.030992
0 0.970885 0.598691 0.011880 0.021350
0 0.317528 0.105372 0.025826 0.048209
0 0.479459 0.198003 0.026343 0.058540
0 0.277032 0.140496 0.011364 0.045455
0 0.289428 0.145661 0.011364 0.053030
0 0.263602 0.152893 0.017562 0.038567
0 0.223829 0.248967 0.017562 0.044766
0 0.217373 0.278168 0.017045 0.039256
0 0.252497 0.273003 0.016012 0.038567
0 0.404356 0.298485 0.023244 0.060606
0 0.388085 0.346694 0.024793 0.056474
0 0.326877 0.403168 0.026343 0.061983
0 0.280647 0.294697 0.020661 0.043388
0 0.269800 0.323278 0.019628 0.053719
0 0.350895 0.435882 0.024793 0.068182
0 0.378271 0.444835 0.021694 0.057163
0 0.382662 0.501446 0.018079 0.057163
0 0.412104 0.517287 0.022211 0.055785
0 0.362517 0.541736 0.018079 0.050964
0 0.330492 0.512810 0.021178 0.056474
0 0.301309 0.589532 0.021694 0.057851
0 0.326360 0.616047 0.017045 0.050275
0 0.355544 0.589876 0.020661 0.053030
0 0.376205 0.639463 0.018595 0.047521
0 0.386278 0.615014 0.017045 0.046832
0 0.294594 0.683196 0.018595 0.052342
0 0.379821 0.802273 0.020661 0.054408
0 0.338757 0.697245 0.020145 0.048209
0 0.453065 0.344697 0.024793 0.053030
0 0.462879 0.264118 0.028926 0.058540
0 0.484831 0.332989 0.026343 0.054408
0 0.508592 0.283058 0.028409 0.059229
0 0.533282 0.497590 0.025310 0.059917