0 0.21691000000000005 0.125707 0.010766 0.026098
0 0.15574200000000005 0.197477 0.011092 0.022619
0 0.103773 0.274641 0.012070 0.024358
0 0.08485200000000004 0.619530 0.007503 0.022184
0 0.07898000000000005 0.624315 0.008156 0.019574
0 0.20849300000000004 0.614093 0.010766 0.023488
0 0.06576800000000005 0.700218 0.009134 0.019139
0 0.06805099999999997 0.711744 0.009787 0.018704
0 0.06495200000000001 0.722836 0.004893 0.022619
0 0.06185300000000005 0.717616 0.007177 0.020879
0 0.7886420000000001 0.564696 0.010807 0.028820
0 0.781649 0.580589 0.011443 0.031786
0 0.7848269999999999 0.608349 0.012079 0.026277
0 0.762736 0.658996 0.009218 0.025005