0 0.296895 0.743132 0.016082 0.044226
0 0.303261 0.735537 0.013402 0.038865
0 0.124581 0.732946 0.016417 0.032611
0 0.106489 0.662140 0.012397 0.038419
0 0.112352 0.645388 0.011392 0.037078
0 0.083873 0.665714 0.012062 0.031271
0 0.050034 0.614340 0.013402 0.037525
0 0.085548 0.604735 0.011392 0.024570
0 0.029428 0.635560 0.010386 0.031718
0 0.042662 0.647174 0.008041 0.032611
0 0.061258 0.660800 0.013067 0.033058
0 0.054557 0.695644 0.011057 0.025017
0 0.069466 0.705472 0.010721 0.036632
0 0.069466 0.672638 0.010721 0.036185
0 0.058745 0.680232 0.014742 0.026357
0 0.082030 0.681126 0.011727 0.028144
0 0.946918 0.446415 0.013067 0.031718
0 0.960654 0.420058 0.011727 0.032611
0 0.943735 0.388564 0.012732 0.027697
0 0.882589 0.315524 0.013737 0.036185
0 0.863826 0.273353 0.013067 0.036185
0 0.880243 0.259504 0.015077 0.035291
0 0.896158 0.208130 0.013402 0.029931
0 0.922627 0.223543 0.013402 0.028591
0 0.929328 0.235381 0.010721 0.037078
0 0.955629 0.241858 0.012397 0.033951