0 0.820752 0.692450 0.021643 0.045749
0 0.784065 0.812453 0.019003 0.050676
0 0.772452 0.820195 0.013725 0.033784
0 0.691952 0.819491 0.030089 0.061937
0 0.762950 0.748053 0.020059 0.052787
0 0.717554 0.898320 0.027449 0.053491
0 0.276253 0.981536 0.023226 0.036928
0 0.291033 0.973278 0.017948 0.052787
0 0.232703 0.716615 0.018476 0.061233
0 0.301855 0.613152 0.026921 0.071087
0 0.334847 0.625821 0.032728 0.082348
0 0.297368 0.506053 0.030617 0.056306
0 0.167775 0.659840 0.025866 0.064048
0 0.176485 0.722128 0.030617 0.063345
0 0.409101 0.612683 0.031672 0.083756
0 0.595703 0.564823 0.023754 0.051380
0 0.264640 0.438837 0.021115 0.048564
0 0.365991 0.334671 0.016892 0.035895
0 0.182820 0.221002 0.019003 0.038007
0 0.273877 0.161177 0.031144 0.059122
0 0.261208 0.197776 0.004751 0.002815
0 0.335374 0.195312 0.023226 0.049972
0 0.364935 0.122114 0.019003 0.042934
0 0.246516 0.710867 0.023226 0.059122