0 0.188170 0.808264 0.014233 0.039792
0 0.216636 0.810407 0.014233 0.037955
0 0.236379 0.821732 0.017906 0.048362
0 0.234772 0.857545 0.013774 0.036731
0 0.258877 0.916009 0.020661 0.042241
0 0.250566 0.805142 0.016529 0.046526
0 0.262045 0.828099 0.017447 0.042241
0 0.259290 0.760147 0.019284 0.045914
0 0.266866 0.704744 0.022498 0.056321
0 0.296021 0.734129 0.019284 0.051423
0 0.189501 0.691276 0.017447 0.042853
0 0.329997 0.736578 0.028466 0.051423
0 0.371319 0.827181 0.021120 0.041628
0 0.478114 0.875237 0.020202 0.044689
0 0.490970 0.842485 0.017447 0.037955
0 0.512091 0.850138 0.018365 0.048362
0 0.538491 0.821059 0.018825 0.039180
0 0.553872 0.841567 0.018365 0.050811
0 0.501071 0.892378 0.018365 0.047138
0 0.521732 0.914723 0.016529 0.041628
0 0.479721 0.956657 0.016070 0.037343
0 0.456994 0.967983 0.018365 0.036731
0 0.341934 0.651974 0.024793 0.062443
0 0.226002 0.599633 0.024334 0.054484
0 0.303367 0.528620 0.024793 0.070401
0 0.328390 0.513927 0.023416 0.074074
0 0.363743 0.509336 0.025253 0.071013
0 0.355249 0.590756 0.033058 0.079584
0 0.410805 0.523722 0.030303 0.076523
0 0.475773 0.558004 0.032599 0.070401
0 0.401622 0.488399 0.023875 0.062443
0 0.396572 0.442485 0.022957 0.058770
0 0.447536 0.437588 0.021120 0.063667
0 0.466361 0.426263 0.023875 0.064279
0 0.543771 0.756657 0.014692 0.046526
0 0.261494 0.136027 0.019284 0.045301
0 0.300520 0.154392 0.019284 0.053872
0 0.278482 0.204285 0.022957 0.048362