0 0.556265 0.238070 0.019595 0.043188
0 0.582258 0.235404 0.021194 0.045321
0 0.591856 0.224740 0.018795 0.042122
0 0.610051 0.207678 0.020794 0.046388
0 0.676033 0.127753 0.020794 0.050120
0 0.728619 0.144761 0.021994 0.053852
0 0.788003 0.141562 0.023994 0.046388
0 0.852346 0.275287 0.022794 0.048520
0 0.836950 0.320874 0.021594 0.052253
0 0.657238 0.284084 0.021594 0.049054
0 0.684831 0.283818 0.017595 0.039989
0 0.607451 0.305678 0.018795 0.045321
0 0.649040 0.311810 0.017195 0.058651
0 0.598054 0.324340 0.013596 0.044255
0 0.809238 0.374194 0.019595 0.053319
0 0.802839 0.416316 0.021194 0.047987
0 0.812637 0.452573 0.015996 0.060784
0 0.779046 0.506958 0.015196 0.051186
0 0.759251 0.517889 0.023594 0.054919
0 0.771848 0.543748 0.020794 0.047987
0 0.772647 0.585870 0.018395 0.052253
0 0.752653 0.615729 0.019195 0.042655
0 0.771048 0.635724 0.019195 0.052786
0 0.726860 0.590669 0.021194 0.054385
0 0.786244 0.808584 0.011997 0.036790
0 0.800640 0.812850 0.014396 0.043188
0 0.293175 0.389390 0.010397 0.030392
0 0.281578 0.388323 0.009597 0.019728
0 0.311770 0.389656 0.010797 0.021328