0 0.415645 0.246110 0.021374 0.050157
0 0.434454 0.227301 0.021374 0.053577
0 0.443431 0.295127 0.023938 0.050157
0 0.441294 0.465261 0.022229 0.062126
0 0.345070 0.862525 0.029496 0.064406
0 0.330749 0.914392 0.031633 0.065546
0 0.351909 0.971872 0.024366 0.056255
0 0.378413 0.899288 0.027786 0.074095
0 0.393160 0.945170 0.021374 0.055286
0 0.394657 0.888743 0.019236 0.059846
0 0.415389 0.834597 0.028213 0.049587
0 0.391451 0.801824 0.022229 0.054716
0 0.521402 0.803534 0.025648 0.064976
0 0.549615 0.865090 0.021374 0.053577
0 0.491693 0.898433 0.023511 0.065546
0 0.509219 0.913252 0.017526 0.065546
0 0.527600 0.967683 0.034625 0.061556
0 0.441251 0.951154 0.031205 0.066116
0 0.248504 0.811228 0.023083 0.064406
0 0.712856 0.812075 0.016529 0.041781
0 0.721809 0.735399 0.015840 0.043618
0 0.722498 0.801056 0.016529 0.039027
0 0.238028 0.773003 0.021006 0.052342
0 0.879281 0.866759 0.011364 0.026630
0 0.873944 0.883976 0.009642 0.030762
0 0.883758 0.883747 0.009298 0.031221