0 0.370038 0.338542 0.026394 0.057714
0 0.509396 0.472973 0.034840 0.064752
0 0.671453 0.726351 0.033784 0.061937
0 0.432327 0.099240 0.032728 0.046453
0 0.234903 0.857029 0.026394 0.043637
0 0.320418 0.893628 0.026394 0.046453
0 0.353674 0.866883 0.025338 0.049268
0 0.363704 0.859140 0.022171 0.042230
0 0.609164 0.834506 0.014780 0.032376
0 0.873891 0.640132 0.016364 0.033080
0 0.911106 0.722128 0.014780 0.032376
0 0.925359 0.682714 0.015836 0.039414
0 0.107848 0.734003 0.015593 0.032918
0 0.111746 0.792042 0.018191 0.038115
0 0.140008 0.811966 0.020140 0.041580
0 0.178015 0.868272 0.012994 0.027720
0 0.244283 0.978719 0.020790 0.028586