0 0.973536 0.785536 0.020270 0.039039
0 0.92455 0.744620 0.020270 0.041291
0 0.9558 0.826827 0.018581 0.037538
0 0.82911 0.853103 0.007320 0.015015
0 0.826295 0.863238 0.009572 0.015766
0 0.440878 0.804680 0.028153 0.053303
0 0.413007 0.760010 0.021959 0.049550
0 0.30762 0.885761 0.014640 0.024775
0 0.37518799999999997 0.924424 0.012387 0.028529
0 0.262857 0.869995 0.015203 0.027778
0 0.14039000000000001 0.809935 0.009009 0.017267
0 0.08858900000000003 0.834710 0.007883 0.014264
0 0.06888099999999997 0.820070 0.007883 0.015015
0 0.10104800000000003 0.773370 0.008229 0.013283
0 0.095418 0.780011 0.006497 0.012705
0 0.35175599999999996 0.478074 0.022523 0.047933
0 0.803505 0.850466 0.007796 0.017325
0 0.7908 0.641411 0.025121 0.058905
0 0.08354099999999998 0.813478 0.004445 0.007705