0 0.137477 0.913361 0.021006 0.050046
0 0.072911 0.976722 0.020661 0.040863
0 0.244226 0.843343 0.024449 0.060606
0 0.259378 0.872957 0.025826 0.050046
0 0.320156 0.858494 0.024793 0.054178
0 0.309206 0.806795 0.014463 0.052342
0 0.225356 0.699633 0.021006 0.035813
0 0.369261 0.813223 0.024105 0.061524
0 0.298669 0.763407 0.015152 0.042700
0 0.458276 0.975849 0.024449 0.048301
0 0.489956 0.974197 0.019628 0.045914
0 0.493400 0.926446 0.018251 0.045914
0 0.511995 0.932186 0.018939 0.052801
0 0.550735 0.911524 0.022039 0.050046
0 0.519915 0.981818 0.022383 0.036364
0 0.650494 0.919100 0.021006 0.044077
0 0.658586 0.951928 0.020661 0.042700
0 0.685101 0.952617 0.017906 0.043159
0 0.810686 0.931267 0.016873 0.039027
0 0.754040 0.849311 0.019284 0.048669
0 0.682587 0.833930 0.019628 0.052801
0 0.617160 0.809137 0.023072 0.052801
0 0.692401 0.800872 0.021350 0.048209
0 0.587615 0.772406 0.026515 0.059229
0 0.634102 0.715748 0.023072 0.054637
0 0.788579 0.655051 0.016873 0.046373
0 0.779798 0.696373 0.020661 0.049128
0 0.775321 0.640129 0.015152 0.050505
0 0.748634 0.630946 0.021006 0.056015
0 0.720053 0.676860 0.029959 0.051423
0 0.813545 0.535537 0.022727 0.054178
0 0.835583 0.415932 0.017218 0.042700
0 0.843159 0.444628 0.015840 0.040404
0 0.863820 0.455188 0.017906 0.041322
0 0.876561 0.448990 0.014463 0.045455
0 0.885514 0.449219 0.013085 0.038567
0 0.870535 0.484573 0.011364 0.040404
0 0.720225 0.501332 0.022039 0.051882
0 0.687856 0.546097 0.027548 0.065197
0 0.638407 0.603811 0.021350 0.059229
0 0.666816 0.632277 0.020317 0.060147
0 0.623083 0.523691 0.023072 0.057851
0 0.572739 0.628145 0.018251 0.054637
0 0.600459 0.657300 0.020661 0.051423
0 0.500700 0.625390 0.019628 0.059229
0 0.079488 0.318320 0.014118 0.034435
0 0.163338 0.280211 0.016529 0.028007
0 0.182449 0.290083 0.011364 0.027548
0 0.757450 0.267493 0.019628 0.040404
0 0.752456 0.246602 0.017218 0.031680
0 0.756933 0.185905 0.019972 0.046373
0 0.804178 0.376676 0.014463 0.041322
0 0.790404 0.135537 0.014463 0.038567
0 0.802456 0.166529 0.013774 0.033517
0 0.741334 0.148163 0.017562 0.042700
0 0.617126 0.137741 0.017218 0.038567
0 0.629523 0.146694 0.016529 0.039945
0 0.651389 0.092516 0.015496 0.033517
0 0.115473 0.169651 0.011019 0.028007
0 0.126492 0.145776 0.013085 0.027089
0 0.145432 0.131772 0.013085 0.031221
0 0.082243 0.180900 0.008609 0.024793
0 0.080865 0.167585 0.008609 0.026630