0 0.811063 0.860071 0.010980 0.030224
0 0.802208 0.872350 0.010980 0.029280
0 0.791405 0.882267 0.011334 0.033058
0 0.748194 0.884392 0.015584 0.027863
0 0.747485 0.898324 0.013459 0.030224
0 0.7085239999999999 0.891476 0.018418 0.045809
0 0.690815 0.882031 0.019126 0.041086
0 0.717733 0.821110 0.017001 0.039197
0 0.680366 0.760661 0.021606 0.046753
0 0.639103 0.899032 0.020543 0.055254
0 0.618028 0.875419 0.020189 0.048642
0 0.685856 0.942007 0.018418 0.036364
0 0.670803 0.929728 0.016647 0.045809
0 0.5695399999999999 0.825124 0.024085 0.058560
0 0.559445 0.762314 0.026564 0.058560
0 0.517296 0.782621 0.032940 0.056671
0 0.45938599999999996 0.869752 0.022668 0.042975
0 0.47833499999999995 0.684345 0.027273 0.065643
0 0.587249 0.648217 0.026210 0.061393
0 0.363436 0.890767 0.019481 0.044392
0 0.33828800000000003 0.861724 0.018064 0.044864
0 0.32872500000000004 0.827958 0.014522 0.041558
0 0.31473399999999996 0.844250 0.014876 0.042975
0 0.348205 0.903046 0.017355 0.046281
0 0.34200699999999995 0.927839 0.017001 0.041086
0 0.425419 0.542290 0.025148 0.069421
0 0.41196 0.531665 0.023731 0.072727
0 0.38114499999999996 0.466730 0.023731 0.073200
0 0.36361299999999996 0.525998 0.022668 0.071783
0 0.382031 0.549138 0.023377 0.075561
0 0.36786300000000005 0.509469 0.021960 0.068949
0 0.31101500000000004 0.603920 0.033648 0.081228
0 0.28268000000000004 0.534498 0.025148 0.077450
0 0.272054 0.568028 0.021606 0.065171
0 0.337225 0.454923 0.020189 0.058087
0 0.322704 0.436741 0.017355 0.049115
0 0.43657599999999996 0.439339 0.019126 0.029752
0 0.549032 0.300401 0.021606 0.053365
0 0.5355730000000001 0.274900 0.013105 0.033530
0 0.557355 0.200708 0.021960 0.051004
0 0.558772 0.120661 0.022668 0.051476
0 0.5410630000000001 0.147580 0.021251 0.043920
0 0.5514399999999999 0.177096 0.026564 0.049115