0 0.686979 0.653431 0.026276 0.061728
0 0.987175 0.802052 0.019394 0.059226
0 0.966842 0.857941 0.018769 0.049216
0 0.917417 0.757424 0.020020 0.048382
0 0.905531 0.749499 0.008759 0.014181
0 0.934917 0.836204 0.006955 0.013249
0 0.897903 0.777248 0.006459 0.014573
0 0.8785270000000001 0.750088 0.006459 0.013249
0 0.773698 0.813681 0.017389 0.035771
0 0.37673900000000005 0.908960 0.013414 0.023185
0 0.32631200000000005 0.895381 0.011924 0.021198
0 0.314636 0.829469 0.020370 0.052332
0 0.355376 0.885444 0.012421 0.027822
0 0.27613299999999996 0.851992 0.008943 0.015236
0 0.22860400000000003 0.877826 0.007949 0.012586
0 0.21369899999999997 0.868221 0.005962 0.014573
0 0.23555899999999996 0.822845 0.005962 0.012586
0 0.23233000000000004 0.828807 0.005465 0.013911
0 0.227113 0.819864 0.004968 0.013249