0 0.059856 0.127637 0.009503 0.016672
0 0.016171 0.170543 0.009810 0.013403
0 0.012952 0.178511 0.011343 0.017081
0 0.061849 0.205277 0.008584 0.015038
0 0.055411 0.217331 0.009197 0.017898
0 0.018777 0.266571 0.010116 0.016672
0 0.012952 0.279034 0.010730 0.021167
0 0.206239 0.151542 0.011649 0.021167
0 0.224479 0.163596 0.011956 0.019124
0 0.120861 0.313155 0.010730 0.017489
0 0.108139 0.340329 0.011649 0.019533
0 0.109059 0.360352 0.010423 0.017081
0 0.037477 0.372202 0.007051 0.014629
0 0.004982 0.352588 0.008890 0.026888
0 0.407036 0.129884 0.008584 0.012994
0 0.503755 0.264119 0.013182 0.025662
0 0.494252 0.347480 0.017474 0.024845
0 0.498697 0.369750 0.014102 0.022802
0 0.505748 0.584690 0.013489 0.021984
0 0.516631 0.588981 0.011343 0.024027
0 0.546367 0.563645 0.011956 0.024027
0 0.575337 0.617993 0.012876 0.023210
0 0.607219 0.686439 0.011649 0.022802
0 0.606606 0.538310 0.013489 0.024027
0 0.622088 0.504803 0.010730 0.024027
0 0.682633 0.365460 0.011649 0.015855
0 0.763412 0.339920 0.012569 0.025253
0 0.776901 0.361373 0.010116 0.017489
0 0.744712 0.396720 0.010730 0.019533
0 0.749923 0.400398 0.008277 0.018715
0 0.781193 0.403258 0.009503 0.020350
0 0.780426 0.421442 0.009810 0.015855
0 0.763259 0.466391 0.011649 0.019124
0 0.769390 0.493565 0.010423 0.021167
0 0.823498 0.367094 0.009503 0.011769
0 0.826410 0.377923 0.006131 0.011360
0 0.665926 0.017102 0.010730 0.013812
