0 0.7387509999999999 0.781635 0.016529 0.044077
0 0.76871 0.725161 0.021350 0.046832
0 0.828972 0.779798 0.013774 0.027548
0 0.837236 0.780257 0.012397 0.030303
0 0.861685 0.378604 0.014463 0.035813
0 0.875803 0.430028 0.012397 0.028466
0 0.899908 0.465381 0.013774 0.033058
0 0.892332 0.483747 0.015152 0.042241
0 0.878558 0.483287 0.015152 0.035813
0 0.875459 0.520937 0.019972 0.033976
0 0.29594699999999996 0.938144 0.020502 0.043865
0 0.278544 0.957851 0.020025 0.046408
0 0.26686299999999996 0.861538 0.020502 0.048315
0 0.232533 0.888239 0.024317 0.055944
0 0.23563299999999998 0.815130 0.020025 0.049587
0 0.17674800000000002 0.830388 0.020502 0.049587
0 0.17436399999999996 0.895232 0.022409 0.054673
0 0.15004799999999996 0.927018 0.021456 0.045772
0 0.14361100000000004 0.965480 0.022886 0.052765
0 0.17436399999999996 0.707692 0.028131 0.066116
0 0.20821699999999999 0.688620 0.022409 0.049587
0 0.163875 0.805594 0.015734 0.050858
0 0.14480300000000002 0.797966 0.022409 0.057216
0 0.052305000000000046 0.805912 0.019549 0.054037
0 0.10642099999999999 0.689892 0.020979 0.047044
0 0.375286 0.307692 0.018595 0.041958
0 0.377908 0.351240 0.019072 0.037508
0 0.22724100000000003 0.284488 0.018118 0.033694