0 0.545188 0.172754 0.015196 0.027726
0 0.515996 0.132231 0.016796 0.039456
0 0.5005999999999999 0.139163 0.014796 0.038390
0 0.473607 0.071181 0.018395 0.034657
0 0.39502800000000005 0.113303 0.020395 0.041056
0 0.38563000000000003 0.157291 0.021594 0.046921
0 0.383031 0.258864 0.025193 0.057051
0 0.34952000000000005 0.085844 0.022794 0.047987
0 0.35211899999999996 0.237803 0.022394 0.046921
0 0.291536 0.115969 0.016396 0.047454
0 0.27354 0.122901 0.013996 0.042122
0 0.28405800000000003 0.387897 0.018395 0.045321
0 0.24606799999999995 0.436150 0.020794 0.055452
0 0.23467099999999996 0.426286 0.010797 0.039989
0 0.23347099999999998 0.471874 0.019595 0.050120
0 0.22287400000000002 0.488936 0.017595 0.059717
0 0.20467900000000006 0.480405 0.018795 0.061850
0 0.18508400000000003 0.476406 0.020395 0.051720
0 0.178886 0.519062 0.019195 0.046388
0 0.14529499999999995 0.481205 0.020794 0.050653
0 0.129699 0.479339 0.016796 0.053319
0 0.11170400000000003 0.519861 0.020794 0.054385
0 0.33540400000000004 0.602293 0.024793 0.063983
0 0.33620399999999995 0.649693 0.018395 0.051720
0 0.337603 0.746468 0.025993 0.052253
0 0.36799499999999996 0.733671 0.021994 0.063983
0 0.38978900000000005 0.766462 0.017595 0.052786
0 0.367595 0.802453 0.025193 0.058651
0 0.42837899999999995 0.725673 0.023594 0.067182
0 0.438376 0.643295 0.023594 0.064516
0 0.49124199999999996 0.784751 0.026793 0.061850
0 0.551026 0.626126 0.031991 0.073047
0 0.594615 0.689043 0.027193 0.070914
0 0.5676220000000001 0.722367 0.025193 0.061850
0 0.619808 0.741829 0.024793 0.059184
0 0.641602 0.705838 0.025993 0.059717
0 0.608411 0.599787 0.027593 0.063450
0 0.581818 0.812370 0.028792 0.072514
0 0.609811 0.861424 0.027193 0.065049
0 0.6308050000000001 0.805439 0.020395 0.058651
0 0.57582 0.909944 0.027993 0.052253
0 0.50064 0.949933 0.029592 0.063983
0 0.47844600000000004 0.913676 0.022794 0.062917
0 0.473047 0.944068 0.019195 0.047987
0 0.378872 0.973634 0.023594 0.052732
0 0.699987 0.925940 0.018795 0.058651
0 0.803559 0.863556 0.025193 0.055452
0 0.852946 0.807305 0.016796 0.039989
0 0.843948 0.845428 0.017195 0.046921
0 0.83775 0.897681 0.019995 0.049054
0 0.91165 0.872354 0.020794 0.050653
0 0.8966540000000001 0.901146 0.016396 0.048520
0 0.856705 0.602239 0.017595 0.050653
0 0.820914 0.595041 0.017995 0.050120
0 0.879499 0.336444 0.012797 0.028792
0 0.822714 0.320181 0.011197 0.026126
0 0.815316 0.311917 0.011597 0.024527
0 0.487081 0.569291 0.028708 0.078295