0 0.837855 0.979914 0.014553 0.040172
0 0.823841 0.976321 0.021020 0.047358
0 0.064948 0.719655 0.012397 0.031621
0 0.061444000000000054 0.748401 0.012936 0.035932
0 0.05389900000000003 0.741215 0.008624 0.033058
0 0.07815300000000003 0.613295 0.011858 0.031621
0 0.06575600000000004 0.618326 0.012936 0.034495
0 0.177327 0.629465 0.012936 0.028027
0 0.16034899999999996 0.640963 0.005929 0.023715
0 0.15603699999999998 0.648149 0.007007 0.030902
0 0.14876 0.652821 0.008624 0.027309
0 0.26760700000000004 0.562990 0.017787 0.038807
0 0.243352 0.542508 0.015631 0.035214
0 0.809666 0.547898 0.022637 0.044556
0 0.8344590000000001 0.481782 0.018326 0.044556