0 0.162145 0.979914 0.014553 0.040172
0 0.176159 0.976321 0.021020 0.047358
0 0.935052 0.719655 0.012397 0.031621
0 0.938556 0.748401 0.012936 0.035932
0 0.946101 0.741215 0.008624 0.033058
0 0.921847 0.613295 0.011858 0.031621
0 0.934244 0.618326 0.012936 0.034495
0 0.822673 0.629465 0.012936 0.028027
0 0.839651 0.640963 0.005929 0.023715
0 0.843963 0.648149 0.007007 0.030902
0 0.851240 0.652821 0.008624 0.027309
0 0.732393 0.562990 0.017787 0.038807
0 0.756648 0.542508 0.015631 0.035214
0 0.190334 0.547898 0.022637 0.044556
0 0.165541 0.481782 0.018326 0.044556