0 0.313389 0.261972 0.022226 0.030820
0 0.280494 0.429706 0.016892 0.027264
0 0.312055 0.502608 0.023115 0.035562
0 0.490754 0.682788 0.024893 0.049787
0 0.254703 0.707031 0.011924 0.023847
0 0.267124 0.703056 0.010930 0.022523
0 0.283767 0.734521 0.013414 0.029809
0 0.301156 0.736177 0.011427 0.029147
0 0.327736 0.739821 0.012917 0.028484
0 0.323761 0.765324 0.012917 0.025172
0 0.661019 0.792263 0.013414 0.027822
0 0.854862 0.733638 0.015898 0.045707
0 0.876722 0.686275 0.015898 0.046370
0 0.829028 0.626987 0.018879 0.039083
0 0.779428 0.538995 0.018382 0.037096
0 0.391246 0.062931 0.015401 0.029147
0 0.235153 0.700964 0.006223 0.011854
0 0.242265 0.647621 0.006223 0.010669
0 0.239376 0.653548 0.005779 0.008298
0 0.209897 0.686103 0.005631 0.011261
0 0.204501 0.675467 0.007038 0.012513
0 0.213651 0.641996 0.007508 0.010636
0 0.223270 0.634176 0.007977 0.012513