0 0.973967 0.849778 0.016211 0.036236
0 0.976828 0.875524 0.017165 0.039415
0 0.990655 0.874571 0.015257 0.037508
0 0.994135 0.890782 0.011729 0.030515
0 0.983741 0.769676 0.015734 0.038779
0 0.957279 0.838017 0.013350 0.036872
0 0.289955 0.189193 0.022886 0.045772
0 0.261348 0.292498 0.014304 0.036236
0 0.274460 0.302352 0.013827 0.035601
0 0.344549 0.368150 0.021456 0.047680
0 0.360283 0.326510 0.017641 0.047044
0 0.393897 0.295677 0.017165 0.051494
0 0.403195 0.236236 0.019549 0.050858
0 0.422028 0.346853 0.021933 0.044501
0 0.402956 0.359250 0.021933 0.042594
0 0.296869 0.414685 0.017641 0.047680
0 0.312842 0.437572 0.019072 0.048951
0 0.338827 0.442975 0.017641 0.043229
0 0.352654 0.486840 0.015734 0.043229
0 0.382216 0.500509 0.028131 0.056580
0 0.317133 0.497330 0.018118 0.042594
0 0.338827 0.517991 0.016688 0.040687
0 0.302114 0.556771 0.016688 0.047044
0 0.280181 0.566624 0.013827 0.036236
0 0.332867 0.553592 0.017165 0.039415
0 0.324523 0.580928 0.008106 0.033058
0 0.302114 0.626701 0.016688 0.043229
0 0.366243 0.577813 0.015257 0.032422
0 0.376256 0.732549 0.016211 0.042594
0 0.226065 0.846535 0.011443 0.034329
0 0.215337 0.847807 0.011920 0.038144
0 0.539268 0.818376 0.018595 0.056393
0 0.555311 0.818133 0.014949 0.047156