0 0.462492 0.712778 0.021933 0.054673
0 0.441751 0.711189 0.023363 0.060394
0 0.433646 0.725175 0.019549 0.050223
0 0.430785 0.820216 0.023363 0.058487
0 0.41695800000000005 0.807502 0.020502 0.054673
0 0.38835 0.805912 0.015734 0.052765
0 0.370947 0.788748 0.022886 0.055308
0 0.927606 0.716275 0.033853 0.073109
0 0.938334 0.775079 0.021933 0.053401
0 0.97171 0.824666 0.021933 0.045772
0 0.980292 0.852320 0.020025 0.051494
0 0.924031 0.841195 0.022886 0.055944
0 0.918071 0.798601 0.022409 0.066116
0 0.895661 0.823077 0.024317 0.060394
0 0.882549 0.882835 0.025747 0.061666
0 0.798872 0.898411 0.030992 0.055944
0 0.8494120000000001 0.800826 0.028131 0.062937
0 0.819135 0.783980 0.019072 0.061030
0 0.832247 0.787794 0.022409 0.058487
0 0.818182 0.743611 0.020979 0.046408
0 0.8551340000000001 0.688620 0.022409 0.058487
0 0.05201800000000001 0.944183 0.016688 0.047044
0 0.19481899999999996 0.202225 0.021933 0.047680
0 0.895423 0.203433 0.022886 0.038144
0 0.133741 0.741004 0.016688 0.038144
0 0.12778100000000003 0.804259 0.017165 0.046408