0 0.890655 0.979085 0.015257 0.041830
0 0.901621 0.974698 0.014304 0.040687
0 0.7141930000000001 0.807057 0.010013 0.031151
0 0.7084710000000001 0.792117 0.010013 0.030515
0 0.723013 0.770820 0.011443 0.032422
0 0.719676 0.794660 0.012397 0.027972
0 0.708233 0.763509 0.009536 0.027972
0 0.038190999999999975 0.804196 0.014781 0.034329
0 0.03437699999999999 0.838207 0.014781 0.040051
0 0.02317199999999997 0.832804 0.011443 0.040687
0 0.22390299999999996 0.495423 0.016211 0.038779
0 0.860378 0.598729 0.016688 0.041958