0 0.546628 0.093575 0.011197 0.021861
0 0.5366299999999999 0.099440 0.012797 0.022927
0 0.492842 0.128499 0.015596 0.022394
0 0.497641 0.146094 0.013996 0.026660
0 0.505838 0.145828 0.011197 0.023994
0 0.554226 0.153026 0.013596 0.018128
0 0.495441 0.164223 0.015996 0.030925
0 0.356958 0.115169 0.011597 0.023460
0 0.5183150000000001 0.278752 0.017595 0.030925
0 0.46852799999999994 0.303013 0.017195 0.029326
0 0.440736 0.274753 0.007198 0.016529
0 0.40934400000000004 0.252626 0.013996 0.024527
0 0.36315600000000003 0.226766 0.015996 0.035724
0 0.33576399999999995 0.165982 0.013996 0.022927
0 0.21159700000000004 0.156652 0.015196 0.023460
0 0.26158400000000004 0.241162 0.015996 0.030392
0 0.250586 0.304612 0.013196 0.029326
0 0.18680300000000005 0.349667 0.014396 0.025593
0 0.27058099999999996 0.316076 0.017195 0.036257
0 0.29037599999999997 0.311277 0.018395 0.035191
0 0.34996000000000005 0.299014 0.020794 0.036257
0 0.37355400000000005 0.301413 0.015996 0.039989
0 0.409544 0.324393 0.019195 0.029859
0 0.385551 0.381445 0.027193 0.047987
0 0.480005 0.364436 0.018395 0.029326
0 0.43381800000000004 0.428152 0.025193 0.043722
0 0.5386299999999999 0.347641 0.011197 0.019195
0 0.48764300000000005 0.470008 0.019595 0.030392
0 0.562503 0.451293 0.016396 0.031991
0 0.599493 0.436097 0.026393 0.049587
0 0.671794 0.475233 0.019995 0.029326
0 0.659597 0.545348 0.020395 0.038390
0 0.488843 0.660091 0.025993 0.046921
0 0.706025 0.509784 0.018395 0.037857
0 0.697227 0.477526 0.014396 0.035191
0 0.698427 0.389496 0.021594 0.042122
0 0.744415 0.405758 0.013596 0.028792
0 0.728019 0.427886 0.016796 0.030392
0 0.783404 0.373500 0.019595 0.033591
0 0.76401 0.374300 0.016796 0.034124
0 0.806198 0.469475 0.016396 0.031458
0 0.777606 0.443882 0.018395 0.027193
0 0.793602 0.503866 0.012797 0.024527
0 0.780205 0.501733 0.010797 0.027726
0 0.730219 0.573927 0.017995 0.034124
0 0.797601 0.535804 0.011997 0.029326
0 0.860744 0.494481 0.014796 0.031991
0 0.815556 0.628046 0.015596 0.032525
0 0.793762 0.623247 0.011197 0.033591
0 0.802359 0.622181 0.013996 0.031458
0 0.822954 0.725567 0.023194 0.041589
0 0.794162 0.661584 0.013596 0.036257
0 0.805559 0.659984 0.015596 0.036257
0 0.857345 0.734364 0.017595 0.036790
0 0.72478 0.785604 0.025993 0.049054
0 0.768968 0.878113 0.015996 0.030392
0 0.6474409999999999 0.926366 0.025993 0.053319
0 0.601453 0.949560 0.021994 0.044255
0 0.607251 0.969288 0.016796 0.034657
0 0.483684 0.857318 0.026393 0.055985
0 0.514276 0.745615 0.023594 0.047987
0 0.42030100000000004 0.714156 0.022794 0.036257
0 0.430299 0.728819 0.020395 0.047454
0 0.354719 0.906212 0.017995 0.029859
0 0.32812600000000003 0.904079 0.015996 0.034124
0 0.25354600000000005 0.748920 0.020395 0.042655
0 0.22475299999999998 0.807038 0.020395 0.031991
0 0.206878 0.655079 0.015196 0.028792
0 0.19548100000000002 0.594028 0.012397 0.027193
0 0.180485 0.608691 0.010397 0.023460
0 0.18548399999999998 0.598560 0.010797 0.022394
0 0.253266 0.596961 0.016796 0.036257
0 0.22887199999999996 0.612423 0.014396 0.028792
0 0.41022400000000003 0.630019 0.020395 0.040523
0 0.287057 0.502906 0.020395 0.044788
0 0.26766199999999996 0.517569 0.015996 0.027193
0 0.257065 0.542895 0.016396 0.029859
0 0.21407600000000004 0.529832 0.015196 0.032525
0 0.20087999999999995 0.456252 0.015196 0.023994
0 0.527073 0.511064 0.021194 0.036790
0 0.337313 0.390940 0.022039 0.037955
0 0.575421 0.678972 0.020202 0.041016