0 0.052361 0.767556 0.010980 0.035419
0 0.043684 0.763070 0.011334 0.033058
0 0.033412 0.784321 0.007792 0.025502
0 0.041558 0.794475 0.010626 0.025974
0 0.039610 0.810059 0.008146 0.025974
0 0.244439 0.678017 0.012751 0.027863
0 0.221063 0.635514 0.009209 0.023140
0 0.251700 0.641653 0.010980 0.022196
0 0.231688 0.654876 0.010626 0.022196
0 0.221948 0.655112 0.008855 0.022668
0 0.255065 0.045809 0.015584 0.032113
0 0.514723 0.559244 0.018772 0.040614
0 0.507816 0.585218 0.017001 0.036836
0 0.539516 0.547674 0.012397 0.027863
0 0.542881 0.568453 0.014168 0.040142
0 0.552090 0.548146 0.017001 0.041086
0 0.487273 0.250295 0.014876 0.030224
0 0.503034 0.244392 0.019481 0.030697
0 0.816883 0.846139 0.012043 0.030697
0 0.828394 0.881086 0.011688 0.038253
0 0.815998 0.880850 0.014522 0.037780
0 0.839906 0.739787 0.011334 0.028808
0 0.788902 0.685336 0.011334 0.028335