0 0.109607 0.792810 0.021694 0.060331
0 0.152066 0.841983 0.022314 0.059504
0 0.167252 0.943636 0.020455 0.054545
0 0.186157 0.942397 0.019835 0.063636
0 0.238223 0.980496 0.021074 0.039008
0 0.317252 0.948595 0.024174 0.061157
0 0.246591 0.719669 0.029132 0.059504
0 0.467438 0.833306 0.027273 0.061983
0 0.477355 0.866777 0.022314 0.056198
0 0.514545 0.838264 0.027273 0.057025
0 0.575599 0.775868 0.024174 0.062810
0 0.437686 0.677107 0.027273 0.060331
0 0.659587 0.924215 0.021074 0.050413
0 0.680661 0.919256 0.022314 0.052066
0 0.700496 0.925041 0.017355 0.043802
0 0.676012 0.871736 0.022934 0.049587
0 0.704215 0.869669 0.018595 0.055372
0 0.714132 0.850248 0.019835 0.049587
0 0.803079 0.872562 0.020455 0.041322
0 0.896674 0.841157 0.016736 0.038017
0 0.828182 0.758512 0.019835 0.054545
0 0.828492 0.723802 0.015496 0.038017
0 0.857934 0.770083 0.014876 0.051240
0 0.763099 0.624628 0.026033 0.051240
0 0.762479 0.572149 0.019835 0.057025
0 0.589545 0.609339 0.023554 0.045455
0 0.583967 0.560579 0.021074 0.057025
0 0.808657 0.645702 0.025413 0.053719
0 0.871570 0.608099 0.021074 0.051240
0 0.885207 0.629587 0.016116 0.041322
0 0.818264 0.539835 0.022314 0.056198
0 0.844917 0.566281 0.018595 0.051240
0 0.857004 0.490248 0.019215 0.057851
0 0.916508 0.492727 0.021694 0.039669
0 0.968017 0.431983 0.013636 0.035537
0 0.950041 0.439421 0.017355 0.040496
0 0.971736 0.458843 0.017355 0.031405
0 0.881550 0.163140 0.015496 0.044628
0 0.837231 0.166033 0.016116 0.033884
0 0.853347 0.203223 0.014876 0.040496
0 0.749835 0.105702 0.019835 0.038843
0 0.100704 0.106214 0.015611 0.025099
0 0.133303 0.108662 0.013774 0.028773
0 0.145929 0.094582 0.014233 0.037343
0 0.182660 0.057545 0.016070 0.034282
0 0.207683 0.223936 0.017447 0.033058
0 0.229951 0.238323 0.014233 0.034894
0 0.103918 0.254239 0.012856 0.028773