0 0.262596 0.325987 0.016529 0.028773
0 0.303229 0.263545 0.012397 0.018978
0 0.304377 0.276706 0.012856 0.020814
0 0.309887 0.243036 0.012856 0.023263
0 0.378757 0.232323 0.018365 0.034894
0 0.438904 0.056933 0.017447 0.029385
0 0.478390 0.291093 0.023875 0.044689
0 0.398041 0.293541 0.020202 0.034894
0 0.350061 0.349862 0.019743 0.034894
0 0.293587 0.366391 0.018825 0.031221
0 0.597582 0.205387 0.015611 0.031221
0 0.598500 0.269054 0.017447 0.028773
0 0.562228 0.310683 0.012856 0.025099
0 0.727334 0.308418 0.018365 0.025712
0 0.756719 0.283930 0.021120 0.031833
0 0.819620 0.403796 0.011938 0.022039
0 0.698638 0.416039 0.016070 0.035507
0 0.736517 0.439914 0.015611 0.031833
0 0.741797 0.462259 0.015152 0.025099
0 0.771641 0.429507 0.017906 0.026936
0 0.791154 0.443893 0.017447 0.032446
0 0.862320 0.460116 0.014692 0.026936
0 0.780364 0.480012 0.014233 0.026324
0 0.762228 0.494092 0.013774 0.031221
0 0.749602 0.503581 0.021579 0.030609
0 0.782430 0.516131 0.014692 0.029997
0 0.810667 0.501439 0.015152 0.033670
0 0.860943 0.518886 0.013774 0.026936
0 0.879538 0.567860 0.014233 0.029385
0 0.784496 0.566024 0.017906 0.029385
0 0.738124 0.554086 0.016988 0.026324
0 0.750291 0.573370 0.014692 0.030609
0 0.832017 0.616223 0.017447 0.033058
0 0.847811 0.658035 0.012856 0.027548
0 0.840236 0.672421 0.012397 0.026936
0 0.835415 0.660790 0.018365 0.029385
0 0.699051 0.614264 0.019284 0.035507
0 0.714662 0.619774 0.016529 0.034282
0 0.727288 0.628956 0.016988 0.033058
0 0.713744 0.645791 0.015611 0.032446
0 0.762871 0.741598 0.011019 0.025712
0 0.785828 0.740680 0.015611 0.029997
0 0.686425 0.715274 0.020661 0.034282
0 0.660024 0.718947 0.018365 0.041628
0 0.593220 0.561616 0.015152 0.033058
0 0.632247 0.531007 0.020661 0.031833
0 0.533762 0.673952 0.020202 0.034894
0 0.372834 0.484481 0.019743 0.037955
0 0.399005 0.488889 0.017906 0.037955
0 0.454561 0.557147 0.021579 0.036119
0 0.501622 0.591123 0.021120 0.034282
0 0.497260 0.611325 0.018825 0.034282
0 0.510575 0.651117 0.015152 0.030609
0 0.390511 0.672850 0.022039 0.044689
0 0.327885 0.555923 0.011938 0.025099
0 0.279446 0.596327 0.019743 0.037343
0 0.267049 0.650811 0.016988 0.038567
0 0.200015 0.573982 0.018825 0.036731
0 0.227334 0.502051 0.017447 0.034894
0 0.183257 0.425712 0.018365 0.033058
0 0.241338 0.407040 0.018825 0.028773
0 0.269804 0.417447 0.016988 0.026324
0 0.273707 0.392042 0.014692 0.029385
0 0.157775 0.536517 0.014233 0.031833
0 0.191292 0.524273 0.015152 0.034282
0 0.151806 0.688583 0.014233 0.022039
0 0.111631 0.784389 0.012856 0.025099
0 0.154102 0.783165 0.015152 0.031221
0 0.165350 0.824487 0.011938 0.024487
0 0.174304 0.831833 0.010560 0.028160
0 0.160070 0.717968 0.015152 0.028160
0 0.172926 0.715519 0.014233 0.028160
0 0.185782 0.723477 0.016070 0.030609
0 0.071687 0.716131 0.007346 0.015917
0 0.378114 0.889317 0.019284 0.033670
0 0.373294 0.936455 0.016070 0.026324
0 0.469253 0.886869 0.021579 0.034894
0 0.413369 0.192222 0.013126 0.023335
0 0.535841 0.183957 0.012761 0.029169
0 0.505943 0.245455 0.011303 0.021877