0 0.921368 0.724767 0.012397 0.032525
0 0.95176 0.851666 0.011597 0.031458
0 0.893975 0.771154 0.011997 0.029326
0 0.882178 0.791149 0.014796 0.029859
0 0.878179 0.763956 0.012397 0.031991
0 0.867582 0.758891 0.011197 0.028259
0 0.863583 0.711170 0.013596 0.033058
0 0.849987 0.773021 0.010397 0.037323
0 0.854386 0.819728 0.015996 0.030925
0 0.855785 0.859451 0.013996 0.029326
0 0.886377 0.847454 0.012797 0.027726
0 0.45273300000000005 0.689363 0.020794 0.033591
0 0.434138 0.698161 0.017995 0.041589
0 0.40014700000000003 0.766942 0.021194 0.053319
0 0.38695 0.786137 0.017995 0.047987
0 0.245788 0.893842 0.026793 0.055452
0 0.226993 0.859717 0.017195 0.042655
0 0.12933899999999998 0.375740 0.020395 0.050653
0 0.11534299999999997 0.374940 0.017195 0.057585
0 0.994335 0.583898 0.011330 0.037857
0 0.983271 0.593762 0.009198 0.028792
0 0.91329 0.639350 0.013996 0.034657