0 0.026464 0.785536 0.020270 0.039039
0 0.075450 0.744620 0.020270 0.041291
0 0.044200 0.826827 0.018581 0.037538
0 0.170890 0.853103 0.007320 0.015015
0 0.173705 0.863238 0.009572 0.015766
0 0.559122 0.804680 0.028153 0.053303
0 0.586993 0.760010 0.021959 0.049550
0 0.692380 0.885761 0.014640 0.024775
0 0.624812 0.924424 0.012387 0.028529
0 0.737143 0.869995 0.015203 0.027778
0 0.859610 0.809935 0.009009 0.017267
0 0.911411 0.834710 0.007883 0.014264
0 0.931119 0.820070 0.007883 0.015015
0 0.898952 0.773370 0.008229 0.013283
0 0.904582 0.780011 0.006497 0.012705
0 0.648244 0.478074 0.022523 0.047933
0 0.196495 0.850466 0.007796 0.017325
0 0.209200 0.641411 0.025121 0.058905
0 0.916459 0.813478 0.004445 0.007705