0 0.703105 0.743132 0.016082 0.044226
0 0.696739 0.735537 0.013402 0.038865
0 0.875419 0.732946 0.016417 0.032611
0 0.8935109999999999 0.662140 0.012397 0.038419
0 0.887648 0.645388 0.011392 0.037078
0 0.916127 0.665714 0.012062 0.031271
0 0.949966 0.614340 0.013402 0.037525
0 0.914452 0.604735 0.011392 0.024570
0 0.970572 0.635560 0.010386 0.031718
0 0.957338 0.647174 0.008041 0.032611
0 0.938742 0.660800 0.013067 0.033058
0 0.945443 0.695644 0.011057 0.025017
0 0.930534 0.705472 0.010721 0.036632
0 0.930534 0.672638 0.010721 0.036185
0 0.941255 0.680232 0.014742 0.026357
0 0.91797 0.681126 0.011727 0.028144
0 0.05308199999999996 0.446415 0.013067 0.031718
0 0.03934599999999999 0.420058 0.011727 0.032611
0 0.05626500000000001 0.388564 0.012732 0.027697
0 0.11741100000000004 0.315524 0.013737 0.036185
0 0.13617400000000002 0.273353 0.013067 0.036185
0 0.119757 0.259504 0.015077 0.035291
0 0.10384199999999999 0.208130 0.013402 0.029931
0 0.07737300000000003 0.223543 0.013402 0.028591
0 0.07067199999999996 0.235381 0.010721 0.037078
0 0.04437100000000005 0.241858 0.012397 0.033951