0 0.417105 0.160781 0.019534 0.047082
0 0.429126 0.161282 0.015778 0.047082
0 0.452792 0.087653 0.023291 0.049086
0 0.506136 0.086401 0.027047 0.054596
0 0.489607 0.127223 0.023291 0.055096
0 0.486038 0.175557 0.028174 0.052592
0 0.566053 0.238167 0.027423 0.051590
0 0.494866 0.281242 0.025545 0.055597
0 0.427060 0.271225 0.016153 0.037566
0 0.397759 0.199349 0.019910 0.029051
0 0.625445 0.088154 0.027799 0.050088
0 0.658315 0.093163 0.022915 0.055096
0 0.676722 0.083146 0.019910 0.053093
0 0.580666 0.398998 0.026296 0.054095
0 0.590245 0.448335 0.022915 0.057601
0 0.634949 0.402004 0.020661 0.059103
0 0.675332 0.454596 0.024042 0.068119
0 0.700125 0.444828 0.021037 0.059604
0 0.710456 0.435813 0.015402 0.062610
0 0.690358 0.514200 0.024793 0.065114
0 0.668758 0.524217 0.023666 0.067117
0 0.726797 0.505685 0.020285 0.064112
0 0.751215 0.519459 0.018783 0.069622
0 0.771124 0.530478 0.018783 0.036564
0 0.772251 0.549512 0.015026 0.045580
0 0.804070 0.505435 0.029677 0.070624
0 0.806887 0.565039 0.033058 0.071625
0 0.496744 0.664563 0.032307 0.076133
0 0.561357 0.690859 0.024793 0.065615
0 0.494303 0.784072 0.026672 0.065114
0 0.512710 0.807363 0.022164 0.059604
0 0.537879 0.802354 0.023666 0.057601
0 0.489795 0.856699 0.026672 0.061107
0 0.568495 0.875733 0.019534 0.036063
0 0.653957 0.846181 0.018407 0.046081
0 0.641560 0.880741 0.015402 0.043075
0 0.651327 0.892762 0.013899 0.046081
0 0.419472 0.767994 0.028174 0.062610
0 0.348472 0.821838 0.023666 0.063110
0 0.401252 0.937290 0.026296 0.062610
0 0.413837 0.961833 0.022164 0.053594
0 0.375895 0.971776 0.024418 0.056448
0 0.248247 0.981292 0.017656 0.037415
0 0.258202 0.974856 0.014275 0.040571
0 0.234348 0.907989 0.019910 0.051089
0 0.285024 0.667017 0.024042 0.063611
0 0.351139 0.611670 0.026296 0.060105
0 0.271688 0.709091 0.019910 0.054596
0 0.094979 0.842074 0.013899 0.040070
0 0.107188 0.864864 0.012021 0.037566