0 0.26144900000000004 0.770771 0.021396 0.049550
0 0.23948899999999995 0.717092 0.028153 0.059309
0 0.27017599999999997 0.629254 0.018581 0.035285
0 0.35801400000000005 0.806056 0.017455 0.027027
0 0.611299 0.676927 0.021396 0.048048
0 0.735454 0.695696 0.011824 0.022523
0 0.7323569999999999 0.716341 0.011261 0.024775
0 0.722785 0.717467 0.011261 0.030030
0 0.704204 0.723098 0.012387 0.027778
0 0.699137 0.745996 0.012387 0.025526
0 0.7556309999999999 0.510636 0.018018 0.033784
0 0.758446 0.447573 0.014640 0.027778