0 0.584355 0.246110 0.021374 0.050157
0 0.565546 0.227301 0.021374 0.053577
0 0.556569 0.295127 0.023938 0.050157
0 0.5587059999999999 0.465261 0.022229 0.062126
0 0.65493 0.862525 0.029496 0.064406
0 0.669251 0.914392 0.031633 0.065546
0 0.648091 0.971872 0.024366 0.056255
0 0.621587 0.899288 0.027786 0.074095
0 0.60684 0.945170 0.021374 0.055286
0 0.605343 0.888743 0.019236 0.059846
0 0.584611 0.834597 0.028213 0.049587
0 0.608549 0.801824 0.022229 0.054716
0 0.47859799999999997 0.803534 0.025648 0.064976
0 0.45038500000000004 0.865090 0.021374 0.053577
0 0.5083070000000001 0.898433 0.023511 0.065546
0 0.490781 0.913252 0.017526 0.065546
0 0.47240000000000004 0.967683 0.034625 0.061556
0 0.5587489999999999 0.951154 0.031205 0.066116
0 0.7514959999999999 0.811228 0.023083 0.064406
0 0.28714399999999995 0.812075 0.016529 0.041781
0 0.27819099999999997 0.735399 0.015840 0.043618
0 0.277502 0.801056 0.016529 0.039027
0 0.761972 0.773003 0.021006 0.052342
0 0.12071900000000002 0.866759 0.011364 0.026630
0 0.12605599999999995 0.883976 0.009642 0.030762
0 0.11624199999999996 0.883747 0.009298 0.031221