0 0.783090 0.125707 0.010766 0.026098
0 0.844258 0.197477 0.011092 0.022619
0 0.896227 0.274641 0.012070 0.024358
0 0.915148 0.619530 0.007503 0.022184
0 0.921020 0.624315 0.008156 0.019574
0 0.791507 0.614093 0.010766 0.023488
0 0.934232 0.700218 0.009134 0.019139
0 0.931949 0.711744 0.009787 0.018704
0 0.935048 0.722836 0.004893 0.022619
0 0.938147 0.717616 0.007177 0.020879
0 0.211358 0.564696 0.010807 0.028820
0 0.218351 0.580589 0.011443 0.031786
0 0.215173 0.608349 0.012079 0.026277
0 0.237264 0.658996 0.009218 0.025005