0 0.249456 0.204872 0.020879 0.051327
0 0.286320 0.180948 0.020226 0.052197
0 0.292518 0.244889 0.024793 0.051327
0 0.136581 0.775294 0.023488 0.057416
0 0.144084 0.814006 0.020226 0.077425
0 0.129078 0.820966 0.025446 0.066986
0 0.159417 0.877947 0.019574 0.055676
0 0.150283 0.910135 0.023488 0.059156
0 0.237060 0.881862 0.031318 0.063506
0 0.201827 0.816181 0.019574 0.057416
0 0.214876 0.864898 0.023488 0.060896
0 0.198238 0.762244 0.025446 0.052197
0 0.277838 0.752240 0.028056 0.075685
0 0.266746 0.840974 0.025446 0.072205
0 0.291214 0.861418 0.022184 0.066116
0 0.309156 0.918399 0.024141 0.061766
0 0.359395 0.914485 0.025446 0.055676
0 0.345694 0.828360 0.025446 0.067856
0 0.355154 0.800522 0.019574 0.050457
0 0.653001 0.796607 0.015007 0.053067
0 0.665072 0.783558 0.014354 0.047847
0 0.680405 0.779643 0.015007 0.048717
0 0.907395 0.880557 0.011744 0.034798
0 0.912614 0.903175 0.011744 0.033058
0 0.902175 0.900565 0.010439 0.038278
0 0.802349 0.679165 0.010439 0.025228