0 0.736915 0.693609 0.026446 0.058953
0 0.756749 0.691405 0.016529 0.050138
0 0.745179 0.796088 0.013223 0.049036
0 0.756543 0.781763 0.016942 0.045730
0 0.768939 0.774601 0.014463 0.045730
0 0.776791 0.753939 0.021074 0.048485
0 0.857576 0.649532 0.006612 0.025895
0 0.862121 0.648981 0.005785 0.031405
0 0.852410 0.651736 0.006198 0.028099
0 0.124931 0.826226 0.029752 0.067218
0 0.116460 0.888485 0.030165 0.076033
0 0.125964 0.878292 0.034298 0.086501
0 0.156336 0.951295 0.027273 0.068320
0 0.210262 0.874986 0.025207 0.072176
0 0.199105 0.810523 0.027686 0.062259
0 0.226377 0.927603 0.027686 0.069421
0 0.252617 0.956529 0.032231 0.075482
0 0.290427 0.905565 0.031818 0.081543
0 0.301377 0.796474 0.037190 0.094766
0 0.323485 0.929256 0.026033 0.076033
0 0.392245 0.880496 0.031818 0.073278
0 0.402782 0.842204 0.024793 0.062810
0 0.378444 0.728705 0.023554 0.059504
0 0.250109 0.117442 0.026098 0.053936
0 0.150609 0.144411 0.017616 0.026098
0 0.293497 0.092214 0.024141 0.062636
0 0.301000 0.163114 0.023488 0.049587