0 0.238031 0.456027 0.014962 0.051867
0 0.228626 0.468282 0.020946 0.053577
0 0.217085 0.452323 0.016671 0.049017
0 0.316002 0.734169 0.019236 0.053007
0 0.351268 0.649815 0.014534 0.043887
0 0.364734 0.669194 0.016671 0.043887
0 0.368153 0.763636 0.016671 0.042177
0 0.362596 0.812938 0.021801 0.043887
0 0.371958 0.596352 0.022229 0.050727
0 0.681319 0.708350 0.025221 0.055856
0 0.819607 0.783300 0.022229 0.047307
0 0.812553 0.755087 0.015816 0.034198
0 0.791394 0.741978 0.017099 0.041037
0 0.781562 0.753662 0.011114 0.035908
0 0.777501 0.718609 0.010687 0.025078
0 0.778569 0.669877 0.019664 0.053007
0 0.789470 0.633970 0.017526 0.043887
0 0.812340 0.633400 0.017099 0.040467
0 0.834355 0.668738 0.014107 0.038188
0 0.865774 0.677287 0.013679 0.046167
0 0.831790 0.709490 0.014962 0.046737
0 0.840339 0.725449 0.011542 0.043317
0 0.804645 0.701225 0.016244 0.041607
0 0.821103 0.731433 0.012397 0.041607
0 0.762967 0.588658 0.017526 0.037618
0 0.729838 0.611741 0.013679 0.042747
0 0.760829 0.536962 0.020946 0.049587
0 0.783913 0.538102 0.013252 0.042747
0 0.747150 0.571901 0.016671 0.044457
0 0.605383 0.642424 0.006357 0.017800
0 0.600615 0.644755 0.006993 0.019072