0 0.079482 0.759771 0.005282 0.007525
0 0.080802 0.769452 0.005943 0.011926
0 0.080802 0.785272 0.005282 0.017162
0 0.084929 0.792533 0.006273 0.017603
0 0.086910 0.801555 0.006933 0.018043
0 0.086745 0.774513 0.010565 0.020287
0 0.090046 0.791653 0.007923 0.017603
0 0.274926 0.943277 0.016507 0.040090
0 0.287141 0.969901 0.022450 0.041410
0 0.278062 0.981199 0.026741 0.037602
0 0.355315 0.803997 0.018818 0.040530
0 0.361753 0.829939 0.019148 0.044006
0 0.373473 0.822260 0.024100 0.042730
0 0.387834 0.801137 0.015187 0.033049
0 0.663998 0.812578 0.014196 0.032169
0 0.637257 0.800477 0.015517 0.029968
0 0.628673 0.810356 0.012876 0.035645
0 0.642209 0.812776 0.012215 0.039606
