0 0.078788 0.076691 0.018470 0.034258
0 0.082705 0.099617 0.013992 0.033139
0 0.074870 0.108749 0.012873 0.026802
0 0.067874 0.119933 0.016791 0.041713
0 0.210875 0.337818 0.025746 0.042086
0 0.185829 0.504448 0.026585 0.055506
0 0.198142 0.633613 0.026026 0.050660
0 0.055980 0.651134 0.013712 0.022329
0 0.029815 0.685615 0.013992 0.029412
0 0.038770 0.697917 0.015112 0.031648
0 0.038770 0.725875 0.013433 0.023447
0 0.074590 0.676296 0.015671 0.035376
0 0.252152 0.524815 0.020988 0.052524
0 0.464275 0.015575 0.019869 0.024603
0 0.454760 0.164665 0.012033 0.020092
0 0.465394 0.163174 0.013153 0.024566
0 0.486942 0.200452 0.017071 0.030530
0 0.493799 0.321043 0.012313 0.018229
0 0.488062 0.306319 0.009795 0.012637
0 0.486523 0.321230 0.008955 0.019347
0 0.752796 0.229901 0.014272 0.020092
0 0.751117 0.281530 0.015392 0.028666
0 0.699485 0.102972 0.016791 0.020465
0 0.785957 0.143231 0.013433 0.023447
0 0.803168 0.134657 0.011474 0.021956
0 0.792953 0.166716 0.009515 0.021211
0 0.809884 0.173426 0.012033 0.018974
0 0.803308 0.177358 0.013433 0.028331
0 0.800929 0.167089 0.010914 0.023447
0 0.690059 0.317316 0.007556 0.012264
0 0.818368 0.415914 0.016231 0.025311
0 0.828723 0.442567 0.015671 0.030157
0 0.825924 0.485455 0.012873 0.030940
0 0.803956 0.453378 0.010354 0.015992
0 0.767577 0.591882 0.014272 0.029822
