0 0.734055 0.492562 0.021374 0.049017
0 0.11798200000000003 0.711599 0.010259 0.023368
0 0.11028800000000005 0.734397 0.007694 0.024508
0 0.11370800000000003 0.733542 0.007694 0.028498
0 0.13636400000000004 0.627529 0.007694 0.026218
0 0.12760000000000005 0.628669 0.008122 0.025078
0 0.13166100000000003 0.643773 0.008549 0.021089
0 0.13828700000000005 0.641493 0.007267 0.022229
0 0.14469900000000002 0.633229 0.008977 0.026218
0 0.21801099999999995 0.663152 0.007694 0.017669
0 0.7134940000000001 0.568424 0.020091 0.047307
0 0.38746100000000006 0.076888 0.015389 0.038188