0 0.21073699999999995 0.786845 0.030535 0.069300
0 0.292598 0.753927 0.021440 0.048510
0 0.33060500000000004 0.283697 0.024688 0.049376
0 0.311439 0.336972 0.021440 0.051975
0 0.291948 0.387214 0.024038 0.032918
0 0.41636300000000004 0.136001 0.024688 0.062370
0 0.498549 0.461712 0.040930 0.076230
0 0.567633 0.921980 0.037032 0.065835
0 0.460109 0.860043 0.035083 0.080561
0 0.408134 0.957929 0.035083 0.080561
0 0.784628 0.940171 0.017542 0.041580
0 0.796648 0.944935 0.016892 0.044179
0 0.955821 0.698920 0.024688 0.054574
0 0.909693 0.621391 0.022089 0.053708
0 0.884031 0.630053 0.030535 0.067568
0 0.840826 0.707149 0.025988 0.051975
0 0.919114 0.542562 0.021440 0.046778
0 0.795673 0.581543 0.026637 0.064103
0 0.7479210000000001 0.424319 0.023389 0.042446
0 0.6157090000000001 0.602766 0.031835 0.068434
0 0.740774 0.380573 0.027287 0.050243