0 0.833895 0.695444 0.007311 0.029243
0 0.827855 0.695232 0.007947 0.020343
0 0.887137 0.668743 0.015257 0.031786
0 0.869814 0.692477 0.009854 0.031786
0 0.913520 0.743759 0.009536 0.029243
0 0.909388 0.699894 0.009536 0.039839
0 0.898898 0.687815 0.010807 0.041958
0 0.946101 0.722145 0.010490 0.029243
0 0.941015 0.673405 0.011761 0.031786
0 0.961994 0.679127 0.006675 0.029667
0 0.954047 0.690994 0.012397 0.028820
0 0.956749 0.712185 0.010807 0.029667
0 0.970259 0.724899 0.010490 0.028820
0 0.975026 0.742276 0.011761 0.028820
0 0.981861 0.664717 0.009536 0.023734
0 0.984086 0.690782 0.012079 0.031786
0 0.995211 0.665777 0.009536 0.032634
0 0.377792 0.885611 0.036236 0.075440
0 0.154524 0.828142 0.011443 0.023734