0 0.42027000000000003 0.819219 0.024324 0.059459
0 0.42500000000000004 0.876426 0.031081 0.054955
0 0.397973 0.848949 0.029730 0.061261
0 0.39966199999999996 0.815616 0.023649 0.045045
0 0.403378 0.885435 0.020270 0.038739
0 0.52973 0.683634 0.018919 0.040541
0 0.792156 0.820440 0.019095 0.038190
0 0.70329 0.718599 0.020564 0.042107
0 0.862294 0.770988 0.018361 0.041128
0 0.8663339999999999 0.804283 0.017626 0.031336
0 0.711491 0.748466 0.021298 0.037211
0 0.789708 0.748466 0.017626 0.039170
0 0.802194 0.744059 0.014689 0.034273
0 0.905381 0.696566 0.015423 0.033294
0 0.909053 0.651521 0.018361 0.035253
0 0.931086 0.679919 0.021298 0.035253
0 0.939899 0.711744 0.019830 0.034273
0 0.963768 0.684326 0.017626 0.036232
0 0.950548 0.650542 0.017626 0.035253
0 0.835977 0.747160 0.023502 0.045045
0 0.653104 0.800692 0.024971 0.039170
0 0.62593 0.772294 0.020564 0.045045
0 0.65237 0.774253 0.020564 0.037211