0 0.47155800000000003 0.877973 0.014153 0.024349
0 0.495298 0.902626 0.012327 0.022523
0 0.5735939999999999 0.888929 0.011870 0.021914
0 0.5441469999999999 0.937931 0.011413 0.018870
0 0.6334 0.870059 0.011870 0.020696
0 0.6480090000000001 0.869451 0.022827 0.047480
0 0.676315 0.905365 0.010957 0.028001
0 0.6712929999999999 0.895930 0.010957 0.020088
0 0.659879 0.928496 0.011870 0.023131
0 0.705533 0.895930 0.013696 0.026175
0 0.22616899999999995 0.707938 0.022827 0.057219
0 0.18652599999999997 0.814057 0.017805 0.032871
0 0.758796 0.694140 0.017348 0.031653
0 0.80171 0.739794 0.006392 0.010957
0 0.82545 0.713619 0.008218 0.012174
0 0.887996 0.674661 0.006392 0.014609
0 0.830929 0.616833 0.006392 0.010957
0 0.843027 0.724576 0.007761 0.012174