0 0.308766 0.605421 0.010149 0.020490
0 0.316695 0.605210 0.010149 0.021757
0 0.328747 0.447204 0.012686 0.032742
0 0.311779 0.439494 0.013638 0.036755
0 0.320660 0.447838 0.013638 0.034009
0 0.354754 0.456287 0.011418 0.031474
0 0.348570 0.494944 0.012369 0.027672
0 0.378858 0.428826 0.012686 0.028095
0 0.372515 0.450795 0.012052 0.034009
0 0.396936 0.449739 0.014589 0.031897
0 0.389007 0.455336 0.013321 0.034643
0 0.309083 0.312434 0.012686 0.030207
0 0.299569 0.307787 0.012686 0.034432
0 0.563761 0.271876 0.016492 0.042036
0 0.554722 0.298281 0.014906 0.031474
0 0.571056 0.318771 0.017761 0.032742
0 0.560114 0.363342 0.016809 0.038234
0 0.571532 0.345598 0.014906 0.036544
0 0.548379 0.327009 0.016809 0.034009
0 0.561541 0.340106 0.015858 0.039079
0 0.419613 0.445303 0.013638 0.034854
0 0.426908 0.430938 0.012369 0.028095
0 0.449426 0.528319 0.015541 0.038657
0 0.451329 0.501069 0.013638 0.033164
0 0.467504 0.532121 0.015541 0.032742
0 0.478287 0.532121 0.012369 0.036122
0 0.465125 0.479523 0.013321 0.031474
0 0.476860 0.828699 0.017127 0.039501
0 0.539182 0.839472 0.021250 0.052598
0 0.580412 0.969672 0.022518 0.043304
0 0.604833 0.975466 0.018078 0.043064
0 0.645588 0.934817 0.018395 0.050486
0 0.721389 0.910736 0.019664 0.044571
0 0.640514 0.870390 0.019029 0.052598
0 0.909248 0.627044 0.007295 0.016265
0 0.933827 0.594936 0.007612 0.014575
0 0.917177 0.600639 0.006660 0.014998
0 0.908931 0.609828 0.006026 0.019011
