0 0.5881540000000001 0.336708 0.018595 0.050275
0 0.6994659999999999 0.187259 0.019112 0.037879
0 0.5907370000000001 0.191391 0.014463 0.030992
0 0.6144970000000001 0.170386 0.018595 0.027548
0 0.5930610000000001 0.749587 0.019112 0.060606
0 0.57395 0.773003 0.029442 0.078512
0 0.637741 0.781267 0.022727 0.063361
0 0.569043 0.947590 0.023760 0.058540
0 0.548898 0.942424 0.019628 0.055096
0 0.543991 0.911088 0.020145 0.051653
0 0.498278 0.776102 0.028926 0.053030
0 0.435778 0.881818 0.019628 0.055096
0 0.485623 0.974656 0.022211 0.050688
0 0.498278 0.896970 0.024793 0.061983
0 0.47839200000000004 0.879063 0.024277 0.066116
0 0.35029299999999997 0.912121 0.023244 0.066116
0 0.39678 0.676240 0.022211 0.068182
0 0.7054579999999999 0.035813 0.018079 0.035813
0 0.6832469999999999 0.020317 0.017045 0.033747
0 0.6767909999999999 0.104339 0.018595 0.036501
0 0.11852600000000002 0.197521 0.025826 0.042700
0 0.10535499999999998 0.159298 0.016012 0.035124
0 0.03381500000000004 0.231267 0.017562 0.031680
0 0.060365 0.566804 0.019628 0.042700
0 0.01800999999999997 0.546488 0.019628 0.044766
0 0.030923000000000034 0.725758 0.016529 0.044077
0 0.005388999999999977 0.811501 0.010778 0.037879
0 0.05468300000000004 0.829752 0.014463 0.034435
0 0.10246200000000005 0.819421 0.016012 0.042700
0 0.10478699999999996 0.857300 0.014463 0.055096
0 0.11640799999999996 0.873485 0.019112 0.042011
0 0.15282399999999996 0.877961 0.018595 0.037190
0 0.12854699999999997 0.826997 0.014463 0.044077
0 0.180716 0.736088 0.022727 0.063361
0 0.11666699999999997 0.698898 0.021694 0.049587