0 0.454812 0.172754 0.015196 0.027726
0 0.484004 0.132231 0.016796 0.039456
0 0.499400 0.139163 0.014796 0.038390
0 0.526393 0.071181 0.018395 0.034657
0 0.604972 0.113303 0.020395 0.041056
0 0.614370 0.157291 0.021594 0.046921
0 0.616969 0.258864 0.025193 0.057051
0 0.650480 0.085844 0.022794 0.047987
0 0.647881 0.237803 0.022394 0.046921
0 0.708464 0.115969 0.016396 0.047454
0 0.726460 0.122901 0.013996 0.042122
0 0.715942 0.387897 0.018395 0.045321
0 0.753932 0.436150 0.020794 0.055452
0 0.765329 0.426286 0.010797 0.039989
0 0.766529 0.471874 0.019595 0.050120
0 0.777126 0.488936 0.017595 0.059717
0 0.795321 0.480405 0.018795 0.061850
0 0.814916 0.476406 0.020395 0.051720
0 0.821114 0.519062 0.019195 0.046388
0 0.854705 0.481205 0.020794 0.050653
0 0.870301 0.479339 0.016796 0.053319
0 0.888296 0.519861 0.020794 0.054385
0 0.664596 0.602293 0.024793 0.063983
0 0.663796 0.649693 0.018395 0.051720
0 0.662397 0.746468 0.025993 0.052253
0 0.632005 0.733671 0.021994 0.063983
0 0.610211 0.766462 0.017595 0.052786
0 0.632405 0.802453 0.025193 0.058651
0 0.571621 0.725673 0.023594 0.067182
0 0.561624 0.643295 0.023594 0.064516
0 0.508758 0.784751 0.026793 0.061850
0 0.448974 0.626126 0.031991 0.073047
0 0.405385 0.689043 0.027193 0.070914
0 0.432378 0.722367 0.025193 0.061850
0 0.380192 0.741829 0.024793 0.059184
0 0.358398 0.705838 0.025993 0.059717
0 0.391589 0.599787 0.027593 0.063450
0 0.418182 0.812370 0.028792 0.072514
0 0.390189 0.861424 0.027193 0.065049
0 0.369195 0.805439 0.020395 0.058651
0 0.424180 0.909944 0.027993 0.052253
0 0.499360 0.949933 0.029592 0.063983
0 0.521554 0.913676 0.022794 0.062917
0 0.526953 0.944068 0.019195 0.047987
0 0.621128 0.973634 0.023594 0.052732
0 0.300013 0.925940 0.018795 0.058651
0 0.196441 0.863556 0.025193 0.055452
0 0.147054 0.807305 0.016796 0.039989
0 0.156052 0.845428 0.017195 0.046921
0 0.162250 0.897681 0.019995 0.049054
0 0.088350 0.872354 0.020794 0.050653
0 0.103346 0.901146 0.016396 0.048520
0 0.143295 0.602239 0.017595 0.050653
0 0.179086 0.595041 0.017995 0.050120
0 0.120501 0.336444 0.012797 0.028792
0 0.177286 0.320181 0.011197 0.026126
0 0.184684 0.311917 0.011597 0.024527
0 0.512919 0.569291 0.028708 0.078295