0 0.81183 0.808264 0.014233 0.039792
0 0.783364 0.810407 0.014233 0.037955
0 0.763621 0.821732 0.017906 0.048362
0 0.765228 0.857545 0.013774 0.036731
0 0.741123 0.916009 0.020661 0.042241
0 0.7494339999999999 0.805142 0.016529 0.046526
0 0.737955 0.828099 0.017447 0.042241
0 0.74071 0.760147 0.019284 0.045914
0 0.733134 0.704744 0.022498 0.056321
0 0.703979 0.734129 0.019284 0.051423
0 0.810499 0.691276 0.017447 0.042853
0 0.670003 0.736578 0.028466 0.051423
0 0.628681 0.827181 0.021120 0.041628
0 0.5218860000000001 0.875237 0.020202 0.044689
0 0.50903 0.842485 0.017447 0.037955
0 0.48790900000000004 0.850138 0.018365 0.048362
0 0.46150899999999995 0.821059 0.018825 0.039180
0 0.44612799999999997 0.841567 0.018365 0.050811
0 0.49892899999999996 0.892378 0.018365 0.047138
0 0.478268 0.914723 0.016529 0.041628
0 0.5202789999999999 0.956657 0.016070 0.037343
0 0.543006 0.967983 0.018365 0.036731
0 0.658066 0.651974 0.024793 0.062443
0 0.773998 0.599633 0.024334 0.054484
0 0.6966330000000001 0.528620 0.024793 0.070401
0 0.67161 0.513927 0.023416 0.074074
0 0.6362570000000001 0.509336 0.025253 0.071013
0 0.6447510000000001 0.590756 0.033058 0.079584
0 0.589195 0.523722 0.030303 0.076523
0 0.524227 0.558004 0.032599 0.070401
0 0.5983780000000001 0.488399 0.023875 0.062443
0 0.6034280000000001 0.442485 0.022957 0.058770
0 0.5524640000000001 0.437588 0.021120 0.063667
0 0.533639 0.426263 0.023875 0.064279
0 0.456229 0.756657 0.014692 0.046526
0 0.738506 0.136027 0.019284 0.045301
0 0.69948 0.154392 0.019284 0.053872
0 0.721518 0.204285 0.022957 0.048362