0 0.465195 0.382810 0.017710 0.046281
0 0.5298350000000001 0.548430 0.020189 0.057143
0 0.472456 0.812940 0.019481 0.046281
0 0.41879599999999995 0.670649 0.017001 0.044864
0 0.414191 0.605006 0.017001 0.042975
0 0.18896100000000005 0.742385 0.015939 0.046281
0 0.14167700000000005 0.778040 0.011334 0.034475
0 0.117591 0.760803 0.014168 0.035891
0 0.10785100000000003 0.725620 0.010980 0.033530
0 0.12556100000000003 0.702243 0.014522 0.036836
0 0.11511199999999999 0.672491 0.012751 0.035891
0 0.07774499999999995 0.693979 0.011688 0.030697
0 0.05667100000000003 0.696340 0.011334 0.039197
0 0.08890200000000004 0.707910 0.012751 0.033058
0 0.09403799999999995 0.721606 0.010980 0.028335
0 0.09828800000000004 0.745927 0.013105 0.032586
0 0.09102699999999997 0.742149 0.010626 0.026919
0 0.09173600000000004 0.766706 0.014168 0.039197
0 0.08535999999999999 0.787013 0.010626 0.035419
0 0.075797 0.725384 0.012751 0.039669