0 0.331157 0.684562 0.019339 0.051570
0 0.349256 0.693488 0.017851 0.048264
0 0.361653 0.705719 0.017851 0.043636
0 0.379256 0.789025 0.018347 0.052893
0 0.390165 0.776132 0.016364 0.054876
0 0.429587 0.781091 0.018843 0.043636
0 0.434050 0.757289 0.011901 0.035702
0 0.446198 0.767207 0.020331 0.046281
0 0.120165 0.819769 0.023802 0.049587
0 0.095868 0.731835 0.016860 0.041653
0 0.099835 0.706050 0.014876 0.046942
0 0.069587 0.659107 0.019835 0.039008
0 0.022975 0.679273 0.022810 0.046281
0 0.018512 0.761256 0.017851 0.034380
0 0.013058 0.785388 0.017851 0.042975
0 0.032397 0.740760 0.015868 0.042314
0 0.046529 0.753653 0.014380 0.041653
0 0.038099 0.773157 0.011405 0.035702
0 0.051736 0.797620 0.014876 0.044959
0 0.070083 0.741091 0.017851 0.042975
0 0.056198 0.748364 0.017851 0.040331
0 0.160331 0.693818 0.011901 0.027769
0 0.439802 0.275702 0.027769 0.050248
0 0.419967 0.333554 0.018843 0.048264
0 0.917471 0.203967 0.015372 0.035041
0 0.956893 0.234050 0.019835 0.044959
0 0.940281 0.227107 0.009421 0.031074
0 0.908298 0.262479 0.015868 0.033058
0 0.919950 0.249917 0.014380 0.029091
0 0.902595 0.253554 0.013388 0.027107